Car -1.0000000 -1 3.3667911 376.3947144 177.3928833 481.9228821 230.0300140 1.5913835 1.6825249 4.3332825 -6.0110927 1.7604212 23.8955536 3.1203476 0.4901280 
Car -1.0000000 -1 3.4080519 287.9284973 179.2717743 469.8331909 246.7055359 1.5889444 1.6915159 4.4301896 -5.8446670 1.8318150 18.3160934 3.0991655 0.5407745 
Car -1.0000000 -1 -1.9556605 783.6683350 174.5493469 1147.4095459 406.9687805 1.7206714 1.6628326 3.6361828 2.8337500 1.6525425 6.7276011 -1.5570022 0.8292479 
Car -1.0000000 -1 -1.6647208 677.9201050 183.4447327 753.9624634 240.5919037 1.4543471 1.6298764 3.9199808 2.8928688 1.7219030 20.2859325 -1.5230712 0.7387043 
Car -1.0000000 -1 9.6864869 300.5376892 176.4892731 367.7702026 259.4244995 1.5564398 1.9114829 4.4082012 -6.1270866 1.8597300 22.8748779 9.4247780 0.3635507 
Car -1.0000000 -1 3.2385531 432.1810303 175.6758118 482.7991943 218.5574341 1.6748523 3.2388208 2.6659718 -5.9050789 1.8447272 29.9810963 3.0440822 0.2823239 
Car -1.0000000 -1 0.6690844 -124.3437347 164.5341644 239.3390961 351.7685242 1.7274780 1.7400925 4.2806349 -6.2728295 1.8000550 8.4883728 0.0326665 0.6267121 
Car -1.0000000 -1 3.7452019 -6.5660291 152.5953674 222.2918854 333.9422913 1.7516202 1.7069360 4.0880733 -6.4318852 1.8307819 9.0960617 3.1297224 0.5568492 
Car -1.0000000 -1 3.2656178 448.0521545 177.2083740 496.3978577 216.0552368 1.7158811 2.6598432 3.4211257 -6.0038438 1.8756325 33.5263786 3.0884178 0.3373171 
Car -1.0000000 -1 -1.6366345 631.9635620 178.1702118 659.1713257 200.3268738 1.5697736 1.6715317 3.9369156 2.5997703 1.8563052 51.1344643 -1.5858364 0.7292915 
Car -1.0000000 -1 -0.4476925 725.9930420 176.7245178 845.2858276 222.8271790 1.5442646 1.5762115 3.9985325 6.0022054 1.6885418 25.4246082 -0.2158587 0.6706425 
Car -1.0000000 -1 9.5610132 466.0441284 178.4269714 531.5212402 209.1629639 1.5457256 1.6411917 4.3629827 -5.9265289 1.8343403 43.2327194 9.4247780 0.3577769 
Car -1.0000000 -1 -2.6059544 98.2665253 186.4497223 351.9828796 278.6985474 1.6345499 1.5145049 4.3169184 -7.2308393 1.8046778 13.4346352 -3.0997114 0.5014759 
Car -1.0000000 -1 -2.5005459 7.7172832 165.9095459 318.6885986 305.8894958 1.7517253 1.7707509 4.1579309 -6.4208035 1.8510994 8.8492289 -3.1282327 0.5965075 
Car -1.0000000 -1 -1.9988334 500.4161072 178.1374207 521.3118896 207.5328369 1.7460251 1.6838732 4.2020273 -5.9381580 1.7853285 32.4382210 -2.1798892 0.3073754 
