Car -1.0000000 -1 -1.7888058 696.0915527 180.4315796 846.2250977 278.4118347 1.4933598 1.6342847 3.9937606 2.7229955 1.6345059 13.1604214 -1.5847769 0.8978114 
Car -1.0000000 -1 3.8922213 -396.0795288 199.5031433 191.7028961 387.7951355 1.5176595 1.4394414 4.1123767 -6.4286675 1.7578137 6.5208521 3.1139417 0.6612933 
Car -1.0000000 -1 -1.6983891 675.3458862 178.4025879 733.2301025 223.9793854 1.4783828 1.6656594 3.8679328 3.1650283 1.6700809 24.5809402 -1.5703342 0.8446019 
Car -1.0000000 -1 -2.2659718 883.8638306 193.9028168 2287.1535645 959.3289795 1.5828072 1.6677831 3.6121078 2.9331746 1.7056307 3.4574780 -1.5624325 0.7744935 
Car -1.0000000 -1 0.5355369 80.3235626 183.3619843 346.4967346 289.6066284 1.6636511 2.0596538 3.9440317 -6.4584284 1.7040846 11.4532566 0.0220888 0.6532617 
Car -1.0000000 -1 0.3933995 262.8086548 183.1360321 470.8504333 250.4086304 1.6098427 1.6991094 4.1233225 -5.6873708 1.7037624 17.1620846 0.0733975 0.7295563 
Car -1.0000000 -1 3.7717341 -100.3608627 189.4940186 269.5455017 318.7227478 1.6772557 1.6429389 4.3574729 -6.6488514 1.7681271 9.0938978 3.1404174 0.6426712 
Car -1.0000000 -1 -2.8362889 438.5401917 177.4155273 506.4129944 218.7326813 1.4797634 1.6509448 3.8054979 -5.3925200 1.6293131 30.0845146 -3.0136511 0.5040545 
Car -1.0000000 -1 3.2629207 480.5200195 176.2234650 519.2791138 209.6271515 1.5823243 3.7042871 2.2987552 -4.9114356 1.7144229 37.3676643 3.1322343 0.3365662 
Car -1.0000000 -1 3.2781126 351.0423584 172.2947998 446.2590027 215.1356964 1.5379498 1.6853654 4.0039921 -6.8169250 1.6065489 29.4716225 3.0508054 0.3898188 
Car -1.0000000 -1 -1.6435011 649.1667480 171.9230194 680.8686523 201.0773621 1.6848027 1.7249392 3.9230793 3.2269421 1.6036240 42.9574852 -1.5685225 0.7005905 
