Car -1.0000000 -1 -1.7663243 693.0195923 178.0454865 833.8822632 271.4992065 1.4743992 1.6406988 4.0544844 2.6263816 1.5999616 13.6187439 -1.5758126 0.8857577 
Car -1.0000000 -1 3.7963776 -253.3672791 194.3128815 257.0075684 349.7206726 1.5787860 1.8390050 4.1174207 -6.3670797 1.7687246 7.9883518 3.1234407 0.6711835 
Car -1.0000000 -1 0.4526634 216.9041443 181.4613342 423.2268066 259.6553650 1.4679023 1.8011900 3.9764762 -6.5551267 1.6961145 15.6107969 0.0551121 0.6182143 
Car -1.0000000 -1 3.5362350 28.4203587 190.2113190 363.0629578 297.9501953 1.5101215 1.8319831 4.2928023 -6.0610933 1.7334720 10.6005049 3.0168285 0.7258098 
Car -1.0000000 -1 -1.6734353 657.9926147 172.0426941 709.7585449 214.8889313 1.6792301 1.6282570 3.9586031 2.8055692 1.6315703 28.9266777 -1.5767487 0.8224629 
Car -1.0000000 -1 3.5381171 154.6732178 187.4271698 377.8003845 273.3741150 1.4835531 1.8576646 3.9451940 -6.2958503 1.6826105 12.8491602 3.0825164 0.2765134 
Car -1.0000000 -1 9.6471064 375.4907532 179.5170898 500.0892639 225.0054169 1.5330065 1.6453370 3.8735499 -5.8069043 1.7682430 25.6868153 9.4247780 0.6316995 
Car -1.0000000 -1 -0.4041687 489.8842163 174.2765961 546.1480713 203.6030121 1.5523649 1.8287070 3.3437881 -5.4838881 1.7343618 40.5824623 -0.5384846 0.5147847 
Car -1.0000000 -1 -2.9198233 405.3443604 176.8745880 505.6059570 218.7864838 1.5412624 1.8051829 3.8336506 -5.8470945 1.7484798 26.1980057 -3.1394129 0.5426564 
Car -1.0000000 -1 9.5792700 450.1310425 176.8096619 523.8953857 208.6689148 1.5458353 1.6015207 3.6371574 -6.0221949 1.7317067 38.6699905 9.4247780 0.3949498 
