Car -1.0000000 -1 -1.7270940 661.7420654 176.2844086 739.4439697 236.0454407 1.6878047 1.7065786 4.0623431 2.6633275 1.7829361 22.2435856 -1.6079267 0.8358361 
Car -1.0000000 -1 3.3616234 322.9920959 183.0155029 468.4792786 242.6741028 1.7351773 1.6363034 4.1812606 -6.1584158 1.8199502 20.4143276 3.0686341 0.4072548 
Car -1.0000000 -1 0.3727931 386.0716248 174.3864899 460.1744690 235.1641846 1.8813863 3.2400780 2.9308474 -5.7895751 1.9512255 19.7684574 0.0878910 0.3916949 
Car -1.0000000 -1 -2.2813312 879.2528687 217.0191040 2206.4096680 925.0102539 1.6020231 1.6834344 3.9109550 2.9560766 1.7753816 3.6374574 -1.5989083 0.7510070 
Car -1.0000000 -1 0.3458918 432.7211914 175.4366150 481.6456909 219.7863922 1.9090536 3.5595052 2.7455945 -5.9747000 1.9250433 27.4067974 0.1312493 0.2879586 
Car -1.0000000 -1 3.4666841 258.6783447 180.3360443 412.7822876 258.5387268 1.5697937 1.8599532 3.9521549 -5.8381524 1.7170910 17.3142891 3.1414693 0.3286694 
Car -1.0000000 -1 -1.6511935 648.5283813 181.5208893 699.0329590 219.3666992 1.5659202 1.7148814 3.6882901 2.6277940 1.8277990 31.2400742 -1.5672749 0.5986428 
Car -1.0000000 -1 0.2469787 450.6064758 172.6039276 494.7888794 212.8592682 1.7495546 3.6060567 2.3506703 -5.9863954 1.9967248 35.7017708 0.0808464 0.3072964 
Car -1.0000000 -1 -1.6776682 633.8980713 180.7091675 665.8016357 206.2514954 1.6395627 1.7255694 3.7401738 2.4059973 1.9828001 44.1797981 -1.6232628 0.6042440 
Car -1.0000000 -1 0.2682229 484.3464355 178.8255463 513.0192261 206.0316772 1.8141427 3.5029316 2.1074796 -5.9379215 2.1504121 41.7848969 0.1270612 0.2899850 
