Car -1.0000000 -1 -1.9213489 792.4016113 182.9375610 1077.3878174 362.7321777 1.5830585 1.6665165 3.6415629 3.2190831 1.6672083 8.1097574 -1.5434836 0.8944787 
Car -1.0000000 -1 -1.8282709 730.4462280 176.9446716 882.6374512 281.6651001 1.6231216 1.7563450 3.9196713 3.3507414 1.7035170 13.0530825 -1.5769953 0.8549865 
Car -1.0000000 -1 -2.7995820 325.6589355 179.1070099 476.0540771 238.1871796 1.6976917 2.1566725 4.0892305 5.1327515 0.1626354 -12.8836269 -0.0371099 0.2844378 
Car -1.0000000 -1 9.7752695 245.3219757 180.0317078 427.1093750 251.7476044 1.5145922 1.5030968 4.0688534 -6.2274709 1.6636970 17.0342331 9.4247780 0.5813867 
Car -1.0000000 -1 3.5764391 29.7857475 182.7564545 356.1518250 284.3647156 1.4831694 1.7126479 4.1203318 -6.4229116 1.6303827 11.3728361 3.0623353 0.7798720 
Car -1.0000000 -1 -1.6707358 678.8591919 180.5907593 739.4205322 224.1754303 1.5234420 1.7021304 4.0073152 3.5402732 1.7688999 26.1940556 -1.5363942 0.8026176 
Car -1.0000000 -1 0.2774672 398.6195679 175.0959625 519.3920898 225.2482300 1.5765665 1.8914526 3.8760738 -5.5090394 1.6567366 24.8203011 0.0590510 0.5250562 
Car -1.0000000 -1 0.2785388 431.5616455 171.1082764 522.3467407 218.1484985 1.5774019 1.6924721 3.8865821 -5.4304295 1.7062862 28.4092045 0.0896668 0.4247438 
Car -1.0000000 -1 -1.6729946 698.2769775 174.6239624 774.3414917 222.6121216 1.5208658 1.6762836 3.9890409 3.5270970 1.7580204 26.1782703 -1.5390674 0.7769292 
Car -1.0000000 -1 0.9548857 -648.1327515 217.2061005 117.4648132 449.5380249 1.4051019 1.7666348 4.0727115 -6.2278223 1.7409834 5.0566821 0.0660747 0.4020020 
Car -1.0000000 -1 3.1743336 529.8754883 173.4391632 553.8309937 197.2095337 1.6907663 3.3517499 2.2472348 -4.7357502 1.7569585 48.9280128 3.0778440 0.3516630 
Car -1.0000000 -1 2.8162024 541.4546509 171.1359100 564.4034424 193.5726776 1.7073847 2.7606204 2.4492679 -5.1117640 1.5876292 59.3885002 2.7303407 0.3316841 
