Car -1.0000000 -1 2.1269814 -140.8568420 192.2720184 311.5893860 432.0243225 1.5508516 1.7190328 3.9957132 -4.4565201 1.7618440 6.9003849 1.5535387 0.8485823 
Car -1.0000000 -1 -1.8558006 740.2379761 181.0820618 905.3779907 300.2110596 1.5125504 1.6848711 3.7217395 3.0936472 1.6894593 10.9906855 -1.5814209 0.8304623 
Car -1.0000000 -1 -1.7327161 670.6948853 176.1040344 757.2062988 243.2090912 1.5142318 1.6710032 3.8549876 2.4786410 1.6299915 18.5357590 -1.5997826 0.8180979 
Car -1.0000000 -1 -1.9357587 801.6962891 190.5148468 1148.8446045 412.0764160 1.4813570 1.5945452 3.6205432 2.8929737 1.6131612 6.6561794 -1.5257599 0.8347458 
Car -1.0000000 -1 1.7283467 439.9820251 177.8997803 508.4424438 225.5956421 1.5282747 1.5387310 3.7496216 -4.6825447 1.6835291 25.2275791 1.5448232 0.8640265 
Car -1.0000000 -1 -1.6754144 647.8493652 174.5045166 691.1493530 210.7634277 1.5222651 1.5609822 3.5348608 2.6699901 1.6062878 33.1329155 -1.5950040 0.6032824 
Car -1.0000000 -1 -1.6737135 661.9639893 176.1600647 722.5691528 225.6974335 1.4277811 1.6527998 3.3482046 2.6562002 1.5957768 25.0636616 -1.5681294 0.6834238 
Car -1.0000000 -1 1.6831154 470.4199219 172.2072601 526.8078003 215.2527466 1.7005888 1.5709052 4.0314341 -4.8262119 1.6762474 31.1500454 1.5294032 0.6229525 
Car -1.0000000 -1 1.7141011 491.2439880 172.0020599 539.2987671 208.7421722 1.6762015 1.6474206 4.1149931 -4.7036743 1.6174259 35.0251160 1.5806055 0.4920323 
Car -1.0000000 -1 0.5518397 217.2999878 184.4610748 359.7395325 234.2429199 1.6743916 1.5287427 4.1281881 -9.4082518 1.7644479 20.5894623 0.1232254 0.6127602 
