Car -1.0000000 -1 3.4785959 118.8890152 180.9718323 373.8353271 274.9325256 1.5186359 1.9313425 3.8083596 -6.4576397 1.6714323 13.0992622 3.0205822 0.6335640 
Car -1.0000000 -1 -1.7191716 670.9910889 175.4012604 769.7678223 249.1236877 1.6840012 1.7131981 4.0402946 2.6665759 1.7350283 18.4487324 -1.5756259 0.8652513 
Car -1.0000000 -1 0.4826208 327.8546143 172.2398224 432.8943481 244.2541656 1.5969048 2.9907324 2.9444327 -5.3021679 1.6084433 10.7350302 0.0238548 0.3604223 
Car -1.0000000 -1 3.4593444 245.4587402 179.1237946 429.9398804 255.7661438 1.5354675 1.5715204 4.4345784 -6.2068186 1.6147759 17.5592995 3.1195748 0.5233656 
Car -1.0000000 -1 0.3106241 431.2093506 169.6762390 484.2553406 215.2530212 1.7585704 3.8298488 2.2871203 -6.0015855 1.8201456 29.8312759 0.1120901 0.2456682 
Car -1.0000000 -1 0.4235007 390.3209229 172.7418823 470.6503601 228.0946503 1.5619471 2.7003641 3.3779168 -5.2042766 1.5947642 10.3987074 -0.0405256 0.3934163 
Car -1.0000000 -1 -1.6554677 637.0349121 179.0155487 671.3558960 207.0106201 1.5931718 1.6136824 3.6281581 2.4293869 1.8366389 41.6062851 -1.5971440 0.6441639 
Car -1.0000000 -1 -1.6176321 652.2388916 179.3460693 711.0471191 222.8449554 1.4936806 1.6071123 3.5475931 2.6046009 1.7507695 26.7439289 -1.5205479 0.5680714 
Car -1.0000000 -1 0.4455117 371.5510559 170.1138000 458.6307678 231.6686401 1.6500547 2.7036462 3.3438954 -5.3566141 1.6308515 10.6384220 -0.0209446 0.3786141 
Car -1.0000000 -1 0.3754521 468.4227600 177.5702057 500.1759033 206.0642548 1.6888952 3.5492167 2.0909574 -6.3931470 1.9449174 39.5241165 0.2150880 0.3030967 
