Car -1.0000000 -1 3.8196748 -252.7243652 167.9432678 238.5978394 339.6969604 1.7985370 1.5923746 4.1035547 -6.8974786 1.7573931 8.4567490 3.1354828 0.7284716 
Car -1.0000000 -1 -0.8780928 1018.6807861 188.0771790 1485.9722900 354.4217834 1.4899572 1.6736979 3.8274493 6.3030872 1.6024354 7.3396192 -0.1685259 0.6205480 
Car -1.0000000 -1 -1.6898139 631.0769653 179.3193359 686.2282104 221.5032959 1.6103288 1.7213323 3.9459496 1.7379822 1.7283493 27.7576370 -1.6272827 0.8815967 
Car -1.0000000 -1 0.5924852 -4.6521134 164.9172058 329.1199646 295.0450439 1.8849853 2.0063343 4.4327340 -6.9131279 1.7372111 11.2300215 0.0406788 0.6739443 
Car -1.0000000 -1 8.8960075 868.5120850 185.2935486 1217.8056641 309.4714966 1.6504731 1.7332090 4.1706419 5.6940432 1.7476950 9.7456245 9.4247780 0.7325933 
Car -1.0000000 -1 -0.5641504 782.2118530 182.8959045 1057.3439941 273.4132385 1.6739196 1.7715694 3.9622073 5.3248034 1.7063231 12.9744568 -0.1747051 0.5639556 
Car -1.0000000 -1 -1.6276718 614.3070068 175.7543640 647.8012085 203.3417664 1.7177615 1.7205323 4.0665417 1.3609191 1.7601409 42.7461891 -1.5958453 0.6285560 
Car -1.0000000 -1 0.2625142 357.3667297 179.9666138 468.2875671 221.6605530 1.5190437 1.8857964 4.1570196 -6.4994488 1.6917275 23.8874893 -0.0031407 0.3983824 
Car -1.0000000 -1 -0.9253341 1153.1711426 183.1014557 1921.6124268 502.1221619 1.5326312 1.6181893 3.8336513 5.9167433 1.6861120 4.7085400 -0.0267121 0.5748587 
Car -1.0000000 -1 1.8463276 470.9859924 176.6654816 513.3537598 202.6917267 1.4692287 1.5058671 3.3567796 -7.6461735 2.0007727 44.9672432 1.6778998 0.4126695 
Car -1.0000000 -1 1.8588701 347.6197510 179.1988525 403.8972168 223.5336151 1.5453664 1.7611263 4.1470261 -9.0850172 1.8821006 30.6390476 1.5706112 0.2747392 
