Car -1.0000000 -1 -1.8452410 755.1437378 190.6344910 995.3204346 348.0222168 1.5741365 1.7241982 3.7220342 2.8519623 1.6707026 8.6779852 -1.5277174 0.8704436 
Car -1.0000000 -1 0.6904332 -90.3672333 175.3367157 307.2886658 327.7982483 1.6505976 1.8291423 4.4193630 -5.8819160 1.7003105 8.2674551 0.0720611 0.5795116 
Car -1.0000000 -1 0.4452229 353.9449158 174.2910767 443.4028625 236.1829834 1.7050194 2.9801869 3.3989191 -5.9683394 1.8231229 12.5746145 0.0020732 0.3066774 
Car -1.0000000 -1 3.4509627 300.8356628 178.9463348 434.5771790 238.9722900 1.5648228 1.9881908 4.1777873 -6.4050069 1.5581336 19.8628139 3.1390278 0.3666679 
Car -1.0000000 -1 3.5192258 210.6315765 181.7428741 423.8692017 252.8619232 1.6014590 1.8023056 4.2708201 -6.4821963 1.6773756 16.0808811 3.1360502 0.5556821 
Car -1.0000000 -1 -0.5159569 825.8224487 176.3640137 1072.5375977 266.5028992 1.5509225 1.5945944 4.4589415 6.2624431 1.6423559 13.7033634 -0.0872967 0.6878134 
Car -1.0000000 -1 1.2103924 178.1191101 172.3309937 231.1597900 297.5006409 1.6998699 1.7663046 4.3314109 -6.3175459 1.7565875 9.3498249 0.6161716 0.2687952 
Car -1.0000000 -1 -1.6467888 637.6044312 179.7675629 670.4802246 207.2852478 1.6121395 1.7225593 4.0800304 2.4259794 1.8510406 41.4684448 -1.5883536 0.8158181 
Car -1.0000000 -1 -0.3140678 708.4580688 176.9014740 818.9091797 222.7696381 1.6397996 1.7492881 3.8619230 5.7548294 1.7610598 27.1114483 -0.1049067 0.5598201 
Car -1.0000000 -1 -0.5595967 746.9288330 179.4024963 888.7305908 245.8181000 1.5201436 1.9185948 4.0406313 5.9431634 1.6514971 16.6051941 -0.2158926 0.3542559 
Car -1.0000000 -1 2.1731640 -208.5595093 175.8850250 44.9879608 458.6108398 1.7311215 1.7723953 4.4556923 -5.8545389 1.8524081 7.4997201 1.5103434 0.3933307 
