Car -1.0000000 -1 -1.7665994 703.4057617 188.8974915 821.6609497 269.4000549 1.5099167 1.6385903 4.0501771 3.0506334 1.8100343 15.1901340 -1.5684060 0.8631398 
Car -1.0000000 -1 3.6881645 -50.9027786 182.0879669 315.2114258 310.6204834 1.5712365 1.7462312 3.8418751 -6.2984395 1.7329239 9.5195169 3.1036539 0.5686805 
Car -1.0000000 -1 3.4383258 288.2355652 178.7023621 446.7791443 240.5726929 1.6316636 1.7846504 3.7503014 -6.3061991 1.7580354 19.5452785 3.1262248 0.6442666 
Car -1.0000000 -1 0.6907766 -223.9262238 187.6800232 246.1230774 353.3623962 1.6115499 1.7078876 4.1535125 -6.0443897 1.7141349 7.8350568 0.0336854 0.7472783 
Car -1.0000000 -1 0.4475608 196.9446869 172.0600433 432.9075012 264.0772400 1.6796209 1.9170263 4.0221806 -5.9043365 1.7068894 12.8632717 0.0172416 0.5570081 
Car -1.0000000 -1 0.4643672 184.3402405 172.4179840 431.2164612 270.0633240 1.7051635 1.9705927 3.9790084 -5.9564471 1.7434950 12.8313236 0.0297581 0.6451571 
Car -1.0000000 -1 -2.8983345 465.9309998 177.9659271 539.5689087 207.1183014 1.4942576 1.5037632 3.8912246 -5.8521013 1.6779535 40.7895432 -3.0408328 0.2712606 
Car -1.0000000 -1 -2.8025243 442.0026855 179.0697327 524.2950439 210.0172424 1.5211082 1.5284938 3.9484046 -6.0247273 1.7421347 37.2985649 -2.9626682 0.5211819 
Car -1.0000000 -1 0.3594071 402.5408936 177.9955902 500.9291687 217.0160217 1.5749433 1.6452787 3.7910717 -6.3990684 1.8064653 29.4477787 0.1454314 0.3373580 
Car -1.0000000 -1 0.4577044 164.5845032 173.0517426 424.6044617 276.9692688 1.6795629 1.9834342 3.9941502 -5.9565649 1.7182626 12.6833134 0.0186401 0.6562380 
Car -1.0000000 -1 -2.5968221 1248.0740967 190.0761261 2026.8269043 947.5186768 1.5584679 1.7796054 3.9689603 3.1566074 1.4844828 1.7152506 -1.5237755 0.5955776 
Car -1.0000000 -1 0.4602328 141.0430756 176.8410492 414.9226685 281.1357727 1.6602279 2.0478702 3.9428601 -5.9447632 1.7147703 12.6331091 0.0204051 0.6548660 
