Car -1.0000000 -1 1.9256776 244.2806702 197.3568115 396.0501709 280.4764404 1.5264673 1.6089464 4.1756830 -5.9477234 1.9928291 15.2389832 1.5535641 0.8605228 
Car -1.0000000 -1 1.8660626 377.2677307 189.3362274 466.2454529 243.7800751 1.6122466 1.7184136 4.3061790 -5.8171630 2.0620992 22.7011166 1.6152102 0.8510636 
Car -1.0000000 -1 2.1432352 -23.2326584 207.8476257 277.0924072 359.9881287 1.5680699 1.6210198 3.6983786 -5.9684176 2.0207686 9.3495359 1.5750827 0.8663732 
Car -1.0000000 -1 -1.6981101 701.2043457 175.0354156 801.6849976 245.9938660 1.4555284 1.6852224 4.0959873 3.2552986 1.6188697 17.3147259 -1.5122719 0.8315047 
Car -1.0000000 -1 -1.6190326 682.6905518 175.5301361 750.6682129 229.7229309 1.6288769 1.9030949 4.1428680 3.5677223 1.7500215 23.2331810 -1.4666613 0.7982222 
Car -1.0000000 -1 1.7681005 434.6372375 187.5656433 493.7223511 228.8698273 1.5809162 1.5389563 4.1543188 -5.8372746 2.0943618 29.6272316 1.5735681 0.7313080 
Car -1.0000000 -1 8.7334418 1046.8424072 138.0214081 1355.8566895 240.6317749 1.6061417 1.6290542 4.3795733 9.3125172 0.9884859 11.2526417 9.4247780 0.5894709 
Car -1.0000000 -1 2.6382718 918.1927490 151.3783417 1096.3677979 219.6910553 1.6536537 1.6637882 4.2163625 8.6196737 1.0962819 19.8392391 3.0481412 0.4244889 
Car -1.0000000 -1 1.7968833 482.2569275 185.1727753 525.7585449 215.2354279 1.6550944 1.6099502 4.0345654 -5.6167269 2.2087514 38.8386803 1.6532621 0.7557913 
Car -1.0000000 -1 -1.5637468 663.8692627 178.4498138 706.7288208 213.6105804 1.4352798 1.6340080 3.7761629 3.6696854 1.7369200 34.0711975 -1.4564540 0.4458593 
Car -1.0000000 -1 2.4426175 992.7758179 136.4975739 1208.1033936 225.5419159 1.5975417 1.6891185 4.1310043 8.8233538 1.0483199 16.3311977 2.9379644 0.5128282 
Car -1.0000000 -1 -1.5097283 589.5455322 174.6948242 612.2023315 194.2814636 1.4805857 1.6399360 3.8583174 -0.6616539 1.6922610 61.9799767 -1.5204031 0.5942360 
Car -1.0000000 -1 1.7489649 515.9235229 180.8040009 546.9063721 203.6298370 1.5071659 1.7353522 4.0694995 -5.5800552 2.0898111 52.3831444 1.6428412 0.6429267 
Car -1.0000000 -1 2.2641840 -1385.1887207 198.7688599 53.2022247 822.9976196 1.4339188 1.5512370 3.8469901 -5.6225724 1.8470100 7.5330701 1.6230004 0.4487643 
