Car -1.0000000 -1 0.4312452 248.4342041 170.6789856 450.6555176 248.1506958 1.5636400 1.8376534 4.2375321 -5.7993779 1.5425651 16.4558468 0.0924157 0.6021218 
Car -1.0000000 -1 9.9309284 25.1262760 176.1442719 346.6212158 286.9496765 1.4905463 1.5851619 4.2111902 -6.1937804 1.5882467 11.1737452 9.4247780 0.5725067 
Car -1.0000000 -1 -1.7087900 659.5282593 174.6288300 726.0161743 224.9870911 1.5439626 1.7141427 4.0922313 2.6693726 1.5827456 24.0255375 -1.5981382 0.7992489 
Car -1.0000000 -1 0.6553710 -139.0057983 175.8810883 251.4851074 320.6511841 1.6390889 1.7648314 4.1785655 -6.3206973 1.5765388 8.5011988 0.0160386 0.7280976 
Car -1.0000000 -1 0.2954540 386.6752014 171.3871460 514.8049316 216.6282654 1.6854228 1.7274556 4.5086808 -5.6478605 1.5140444 24.8758507 0.0721969 0.5480271 
Car -1.0000000 -1 -1.6365723 734.1723633 174.8791504 861.3455200 261.9841309 1.6554223 1.7305892 4.0057540 3.5777805 1.6675426 14.0807896 -1.3877485 0.4158972 
Car -1.0000000 -1 0.3801455 347.2208557 171.8296051 431.1031799 228.9638977 1.6390868 1.5418389 4.2605395 -6.0590253 1.5275303 22.0397263 0.1118594 0.3850892 
Car -1.0000000 -1 3.7646279 -637.7308350 179.3351593 50.8399773 406.5529480 1.5788300 1.9075212 3.9981251 -6.5687008 1.5323665 8.2964840 3.0949407 0.5417963 
Car -1.0000000 -1 0.2783428 362.3163757 173.0942841 499.2744751 221.0023651 1.5173287 1.5564666 4.5116596 -5.4306107 1.3795940 21.7506466 0.0336693 0.4400794 
Car -1.0000000 -1 3.1550430 494.8192749 170.5035095 525.9421387 198.8282318 1.6206068 3.3152390 2.4673347 -5.9258866 1.4398924 39.5701904 3.0063914 0.3367219 
