Car -1.0000000 -1 -1.7679622 717.5460205 187.9461060 870.6362915 293.1081238 1.6204351 1.7056751 3.6747656 2.9296479 1.8549063 12.5995321 -1.5395014 0.8419204 
Car -1.0000000 -1 0.6577297 -117.9007874 169.4020386 308.6354675 334.7620850 1.8493824 2.0393221 4.4414468 -6.0642834 1.7278013 8.5547686 0.0410704 0.7261680 
Car -1.0000000 -1 3.5294505 198.3921509 177.7766418 419.1323547 262.5141602 1.6839429 1.9158534 4.4675798 -6.4664292 1.8151686 15.5215139 3.1347070 0.6505780 
Car -1.0000000 -1 0.3720914 337.1172180 180.7913055 481.2612610 231.9658356 1.5628572 1.9853348 4.0544634 -6.3180470 1.7821490 23.0736084 0.1048213 0.7539331 
Car -1.0000000 -1 3.8507782 -445.7955933 184.1871796 162.7476807 401.7224731 1.8448068 1.7280253 4.2414207 -6.3760557 1.7714485 7.1150017 3.1200984 0.5155681 
Car -1.0000000 -1 -1.6948037 666.3988037 184.1817474 726.5795898 231.8916626 1.5451406 1.6310906 3.7470026 2.8618412 1.8891959 24.6781826 -1.5793530 0.8455525 
Car -1.0000000 -1 -1.9652089 781.8815308 203.5959015 1144.2626953 422.1053467 1.5747446 1.7000068 3.9266031 2.9641674 1.8324474 7.2677221 -1.5779505 0.8328296 
Car -1.0000000 -1 -2.8188408 400.9306030 173.1491699 502.3157043 221.6455078 1.8113766 1.7822269 4.0410552 -6.1058216 1.8250256 28.4644814 -3.0301454 0.6397045 
Car -1.0000000 -1 0.6201481 78.9660492 172.1749268 388.8600769 287.7413940 1.7771795 1.8659607 4.0805521 -6.0794125 1.7096158 9.8596897 0.0676173 0.3351160 
Car -1.0000000 -1 -1.6512627 644.8893433 178.7587433 689.9903564 216.6703949 1.5485367 1.6710887 3.7109745 2.6976986 1.8846043 34.3656731 -1.5729235 0.7841181 
Car -1.0000000 -1 -2.3914644 881.9963989 170.6955414 2716.8156738 1066.7552490 1.5575238 1.6788673 3.8979275 2.7479258 1.5734351 2.4723837 -1.5533324 0.6788072 
