Car -1.0000000 -1 -2.2463024 872.2888794 196.0712585 2051.5686035 794.3311768 1.6301595 1.7445871 4.2732048 2.8465714 1.6812323 3.6452589 -1.5833187 0.8188559 
Car -1.0000000 -1 -1.7880520 702.4947510 171.1017303 848.4150391 279.8537292 1.7077484 1.6918106 3.5820339 2.7457287 1.6462500 12.6179667 -1.5737876 0.8718606 
Car -1.0000000 -1 -2.8231658 339.4694824 172.3464355 487.8945007 230.6189117 1.5745233 1.5607933 4.1736856 -5.9628525 1.6087376 21.7558403 -3.0906770 0.5034855 
Car -1.0000000 -1 -1.6742670 662.2506104 176.7039642 714.4699097 219.4428406 1.5027153 1.7143612 4.2845063 2.7933745 1.6039486 26.5895805 -1.5695957 0.8326646 
Car -1.0000000 -1 3.3429739 375.7631836 172.6313629 493.9325562 222.2904816 1.5237145 1.5929887 4.2576265 -5.8842607 1.5520796 24.0537033 3.1030555 0.4288024 
Car -1.0000000 -1 0.4294050 437.1006775 171.9989624 486.4335938 212.6387939 1.6551054 3.4911628 2.3434360 -5.9165392 1.5942189 28.2461262 0.2229265 0.2899479 
Car -1.0000000 -1 0.6079204 66.4366302 174.7733765 384.0495605 284.2351379 1.5656599 1.8046181 4.2209659 -6.0094490 1.6317327 11.0932055 0.1114538 0.6569023 
Car -1.0000000 -1 -1.6384920 626.2319336 172.9118652 650.6270142 192.8959961 1.6000782 1.7212884 3.9010427 2.3086131 1.5719131 57.3312454 -1.5982457 0.6695512 
Car -1.0000000 -1 2.0504429 277.9515686 155.9906006 323.5866699 263.1407471 1.9386516 1.8442094 3.8229275 -6.0687556 1.7648575 15.9037905 1.6859057 0.4249314 
Car -1.0000000 -1 9.8164014 245.4302368 163.8030243 408.7493591 252.9730225 1.8827451 1.6720656 3.7795522 -6.5345721 1.7074264 15.8239756 9.4247780 0.5632438 
Car -1.0000000 -1 0.3086449 470.7503357 168.8874969 505.3246460 202.2178345 1.7390558 3.5670540 1.9082282 -5.8222198 1.4378148 38.8056374 0.1597203 0.2904397 
