Car -1.0000000 -1 2.0581456 59.9057808 203.7570801 323.9676514 329.0717468 1.4748003 1.6938400 4.2292566 -5.9627881 1.9051000 10.8415794 1.5553081 0.8547109 
Car -1.0000000 -1 1.9137111 315.8050232 190.1001892 435.2875671 260.1078796 1.5670372 1.6680803 4.0615396 -5.7609487 1.9754418 18.0961227 1.6055032 0.8606581 
Car -1.0000000 -1 -1.7854178 731.4382935 175.1899261 893.9395752 277.6726379 1.4995434 1.6611960 4.0777044 3.2576816 1.5777959 12.5720625 -1.5318736 0.8146632 
Car -1.0000000 -1 -1.7084266 701.9647217 175.8554077 792.8816528 245.0859833 1.6252503 1.8357756 4.2151194 3.4578774 1.7043347 18.5010433 -1.5236566 0.8266619 
Car -1.0000000 -1 1.8329738 397.9697571 187.1874542 476.2276306 238.0591431 1.5774763 1.6658322 4.0918603 -5.7862878 2.0147157 24.4206142 1.6003215 0.8342153 
Car -1.0000000 -1 8.7578427 1028.2285156 146.2819214 1319.9559326 240.7184601 1.6367942 1.6496059 3.7445946 9.1037531 1.1067650 11.5635824 9.4247780 0.5666952 
Car -1.0000000 -1 1.8309992 462.8857117 184.1063843 517.7636719 219.0097656 1.5654702 1.6904309 3.8735247 -5.5934453 2.0216250 33.6936874 1.6664908 0.8664538 
Car -1.0000000 -1 -1.6426928 674.1017456 178.1296692 722.0820923 218.9332428 1.4615852 1.7156055 4.0496769 3.7823484 1.7203115 30.8352985 -1.5206395 0.5153996 
Car -1.0000000 -1 2.3545746 -813.4516602 222.9230194 47.6231155 570.4108887 1.4429164 1.6829144 3.8856158 -7.1029129 2.2064621 6.2726469 1.5071826 0.4519636 
Car -1.0000000 -1 1.7624382 580.4270020 174.3425446 603.8571167 194.0781403 1.5302142 1.7473507 4.1003575 -1.4303291 1.7118223 60.0622177 1.7386286 0.5353047 
Car -1.0000000 -1 1.7278586 511.4983521 180.3010406 543.9194336 204.6712036 1.5142483 1.7700664 4.0683279 -5.5545006 2.0283482 48.8822365 1.6147137 0.7539796 
Car -1.0000000 -1 2.2584793 1192.4111328 148.6893311 1439.0352783 262.5198059 1.6666244 1.6492923 3.7150676 9.1771955 1.1268958 11.1414700 2.9475036 0.4559149 
Car -1.0000000 -1 -1.6910354 661.9042358 180.2385406 702.6377563 213.0021667 1.5682596 1.6742465 4.0127215 3.3991187 1.8468376 34.5724449 -1.5930316 0.6558587 
