Car -1.0000000 -1 -1.8134510 540.3476562 187.2179260 683.2899170 275.6357117 1.4826981 1.6721710 4.0243440 -0.1247337 1.7223836 14.1681519 -1.8222545 0.8152902 
Car -1.0000000 -1 1.8956695 5.6157932 201.0817871 187.8563538 311.2843628 1.3165565 1.6745852 3.9299896 -8.4323368 1.9209799 12.1805811 1.2901455 0.7707496 
Car -1.0000000 -1 -1.6470766 439.0067749 180.7116852 497.9850464 222.3240967 1.4614702 1.7528239 3.7475450 -5.6592822 1.7812297 28.1635571 -1.8453791 0.8448380 
Car -1.0000000 -1 2.0827017 -218.2365112 207.7558289 122.3733215 406.7034912 1.5704952 1.6456348 3.9544637 -6.7095151 1.9696294 7.4942594 1.3524964 0.7873627 
Car -1.0000000 -1 1.9145566 255.3354797 183.2409363 301.2956848 215.7464142 1.3838618 1.6092944 3.8286512 -18.3531418 1.9980404 40.9017105 1.4927732 0.4216249 
Car -1.0000000 -1 -1.5282020 427.8680725 179.4980164 471.4435425 214.1803284 1.5139160 1.6965173 3.9456041 -7.5927672 1.9080633 33.8801765 -1.7486658 0.6409715 
Car -1.0000000 -1 3.0064049 610.3356934 167.2643585 714.0091553 210.0115967 1.6114779 1.5450433 4.0955176 2.0840197 1.2608112 29.4341106 3.0770898 0.4262987 
Car -1.0000000 -1 0.5123701 26.8230686 191.8298645 119.9016876 224.5655975 1.4613049 1.7457533 3.9208004 -26.4026108 2.1899037 34.6963043 -0.1381106 0.3359580 
Car -1.0000000 -1 -2.0563402 690.7786255 133.2720642 1229.8928223 444.7649841 1.9260849 1.8490654 4.3734217 2.4814925 1.6560383 6.8046131 -1.7066495 0.7587361 
Car -1.0000000 -1 2.4796282 575.6979980 174.0992432 655.1348877 205.0820770 1.5100465 1.7726523 4.0299110 1.9968538 1.2496237 31.6848907 2.5425673 0.3559233 
