Car -1.0000000 -1 -1.8732233 743.9537964 174.3646240 859.8905029 222.5979919 1.4909179 1.9010284 3.8949201 6.1527147 1.5974915 23.7613945 -1.6198508 0.7500842 
Car -1.0000000 -1 9.6456440 379.3769226 175.1816101 495.7070923 213.4525452 1.5709242 1.6792909 3.9185541 -6.9587178 1.6581355 30.9925194 9.4247780 0.6244397 
Car -1.0000000 -1 -1.6219117 625.4260254 174.9710846 667.1544800 206.6449432 1.4734291 1.7055207 3.7367914 1.8171443 1.5888666 36.0211563 -1.5715078 0.7672042 
Car -1.0000000 -1 -2.7303068 209.4702911 177.4596252 407.9457703 247.1710510 1.5959358 1.7325479 3.9237740 -6.9654651 1.5997479 17.3628502 -3.1118219 0.5303437 
Car -1.0000000 -1 3.8008852 -335.5203552 189.0900879 190.2399902 362.2778931 1.6173183 1.7144667 4.0233760 -6.5585489 1.7839391 7.0034504 3.0482802 0.6310396 
Car -1.0000000 -1 -2.7945350 277.6301880 158.6441956 456.7037659 236.9739075 1.8897942 1.8370895 4.3559613 -6.5899220 1.6095724 19.0212135 -3.1280448 0.5793395 
Car -1.0000000 -1 -2.6642415 147.6021881 173.1869354 377.3965454 261.6484680 1.6046255 1.6882328 3.5586891 -7.0061865 1.7204216 14.6324358 -3.1107955 0.7237122 
Car -1.0000000 -1 -2.9290472 442.1127930 175.4310303 507.9827576 202.3623505 1.5659891 1.5007538 4.1039968 -7.6779666 1.6623944 39.0326729 -3.1232736 0.3893543 
Car -1.0000000 -1 -2.9201963 420.0327148 175.7496948 500.6862183 205.1961670 1.5119050 1.5858372 4.0774889 -7.5925307 1.6781099 37.9508934 -3.1176515 0.3896044 
Car -1.0000000 -1 2.2912505 484.7885742 171.0493011 513.8323364 199.2362366 1.5652573 1.8772411 4.3200336 -7.4829559 1.6172104 46.1040993 2.1303480 0.4444156 
Car -1.0000000 -1 0.7758660 -409.5902100 182.6006775 64.0792694 433.7483521 1.6947713 1.6999689 4.2503777 -6.5598216 1.7690883 6.8691831 0.0135006 0.5693830 
Car -1.0000000 -1 -1.6488441 611.8120728 173.1184540 642.7731934 199.4328918 1.6722611 1.8193969 4.0106397 1.1980572 1.6577468 44.6701927 -1.6220305 0.6262516 
