Car -1.0000000 -1 1.9694053 198.2008362 199.8043518 365.8424683 296.1439209 1.4999912 1.6172448 3.9626055 -5.9412808 1.9986792 13.5980186 1.5574796 0.8298421 
Car -1.0000000 -1 2.1945177 -158.3908386 208.4251404 253.1082458 399.7661438 1.5983642 1.6306185 3.9303901 -5.9276590 1.9788903 8.3000183 1.5743420 0.8585049 
Car -1.0000000 -1 2.6051329 847.5623779 150.4325104 1019.9623413 207.4350891 1.6330774 1.6673995 4.5634718 8.8736658 0.9347768 20.3769646 3.0158427 0.6921824 
Car -1.0000000 -1 1.8995627 317.6744690 193.0755310 423.7258301 258.9060669 1.4897368 1.6589950 4.1783929 -6.0139604 2.0497062 18.2551289 1.5813206 0.8382066 
Car -1.0000000 -1 1.8428769 389.0067749 189.5840607 467.1300659 237.5514832 1.4408174 1.6922119 4.1829228 -6.0825372 2.0190334 24.4506569 1.5990583 0.8660907 
Car -1.0000000 -1 1.8272515 448.8199768 185.4938202 504.2158813 222.8588562 1.5916384 1.6470010 3.8400846 -5.9033093 2.0796623 31.7639656 1.6434987 0.8409930 
Car -1.0000000 -1 -1.5682296 671.1095581 174.2352448 723.3772583 218.9837341 1.5177710 1.6590596 3.6055813 3.2579300 1.6090058 27.9079037 -1.4520169 0.6452259 
Car -1.0000000 -1 1.7359616 504.4845581 182.3709106 539.6023560 206.1461182 1.5574900 1.5114502 3.7867966 -5.8283005 2.1043768 46.3935089 1.6109889 0.6241296 
Car -1.0000000 -1 -0.8404594 1204.8771973 134.2512512 1368.1732178 182.1220398 1.5566764 1.8086717 4.1714473 24.1370220 0.2220074 26.2433224 -0.0968449 0.4920125 
Car -1.0000000 -1 -1.6074424 660.9100342 174.9170227 709.3686523 213.7853546 1.5426379 1.6569178 3.6628489 3.2819455 1.6463742 29.0644302 -1.4949991 0.4673033 
