Car -1.0000000 -1 3.5569337 131.7619171 184.8077393 388.4988403 271.7773438 1.4701307 1.9428908 4.0358677 -6.2214141 1.6463566 13.3538361 3.1209448 0.6997579 
Car -1.0000000 -1 3.4889251 226.8188171 184.1027527 443.4906616 258.3802490 1.5674019 1.6759526 4.3236856 -5.9119549 1.7393111 15.5417461 3.1254357 0.5268830 
Car -1.0000000 -1 -0.2996619 781.1644897 190.3444824 962.8577271 246.8243561 1.4324427 1.4104037 4.1330285 6.7488956 1.9121011 19.2089252 0.0382076 0.6664458 
Car -1.0000000 -1 3.2620107 383.8577881 177.7823029 498.2719421 230.4454498 1.6982156 1.6657107 4.2226810 -5.7348728 1.8672333 24.6113605 3.0330785 0.3501037 
Car -1.0000000 -1 0.3828845 319.0870972 182.9106293 496.4010925 242.9351349 1.5519842 1.7834612 4.2364573 -5.5936251 1.7068341 15.8581228 0.0437803 0.5466797 
Car -1.0000000 -1 -1.6849710 642.0181274 185.3700104 672.2440186 209.4726562 1.5780694 1.7766486 3.6318791 2.9359550 2.2556288 45.2061691 -1.6201162 0.7852803 
Car -1.0000000 -1 0.2676502 456.3352356 178.9740906 542.3245239 212.9323120 1.6593302 1.7384136 3.8501248 -5.8380523 1.9915177 36.9079018 0.1107711 0.4378098 
Car -1.0000000 -1 -0.9567979 1043.0841064 185.8114014 1806.5737305 438.6752319 1.5773864 1.4772793 3.8100874 6.1643567 1.7055101 6.9959912 -0.2345083 0.4167222 
Car -1.0000000 -1 -0.1505191 703.6371460 184.5516968 798.7457886 219.7076569 1.5336249 1.6345314 4.2159958 6.0927038 2.0575683 31.7046890 0.0393368 0.6170451 
Car -1.0000000 -1 8.9254472 860.8805542 188.3677979 1185.8612061 299.5386353 1.5691178 1.7907189 4.1417584 5.9480982 1.7585951 10.9052610 9.4247780 0.7669889 
Car -1.0000000 -1 -0.2180644 768.3649902 186.5534515 913.6842041 238.9311066 1.5835707 1.5916462 4.1545305 6.7137890 2.0006752 21.5433865 0.0840371 0.5282977 
Car -1.0000000 -1 -2.8782027 421.5631104 180.0419617 506.3930969 220.0225677 1.5094814 1.6448295 4.0493550 -6.2117863 1.9231495 31.2668114 -3.0743194 0.4886780 
