Car -1.0000000 -1 2.3039430 -924.8998413 210.8430481 269.2036133 793.6848145 1.6221293 1.6814582 3.7111030 -3.5008709 1.8675807 3.6409261 1.5381529 0.8149450 
Car -1.0000000 -1 1.9685059 166.6161499 203.5217896 436.5733337 362.1136780 1.4989079 1.5926743 4.0553851 -3.5331535 1.8746871 9.1747246 1.6009130 0.8411392 
Car -1.0000000 -1 -1.7613873 712.8753662 177.1600952 844.2034912 268.0580750 1.4985137 1.7152612 4.1744757 3.1678207 1.6619480 14.1892853 -1.5417349 0.8274672 
Car -1.0000000 -1 1.7992301 358.0708618 188.7050476 476.2941895 276.1726379 1.5783381 1.5798132 3.5941820 -3.7679679 1.8892539 14.6393700 1.5473121 0.8039186 
Car -1.0000000 -1 -1.8856038 752.3186035 185.6604309 1042.5495605 359.4048157 1.6218615 1.7705449 4.3569794 2.8612978 1.6770518 8.1483316 -1.5479037 0.8453335 
Car -1.0000000 -1 1.8008122 423.3360596 185.0594635 517.8863525 249.8179169 1.5679082 1.6661092 4.0021586 -3.6737208 1.9239749 19.3781490 1.6134551 0.8461125 
Car -1.0000000 -1 -1.6585927 647.6785889 178.8956146 683.4222412 207.1943970 1.5289685 1.7017479 3.7509387 3.0782845 1.8743818 40.4331284 -1.5826066 0.7483954 
Car -1.0000000 -1 -1.7129024 690.2669678 178.6325989 767.4105835 237.8787231 1.5714086 1.8114954 4.0845790 3.3433540 1.7072856 20.0505009 -1.5476758 0.8512152 
Car -1.0000000 -1 -2.4953932 851.9080811 167.9148102 2907.0727539 1267.1058350 1.5466027 1.6520729 3.8150692 2.6372318 1.5237021 1.9553053 -1.5625863 0.6741176 
Car -1.0000000 -1 -1.3779141 604.3183594 179.8465576 627.6566772 200.6273041 1.3887503 1.6467682 3.5626888 0.4933565 1.9349599 54.9483032 -1.3689358 0.6361681 
