Car -1.0000000 -1 2.1018789 21.7617779 210.3412018 300.4653931 348.4483337 1.4578791 1.6465025 3.9489355 -5.9754109 2.0181351 10.1477680 1.5697057 0.8583029 
Car -1.0000000 -1 1.9617005 245.6778717 198.7953796 385.4524231 282.6113281 1.5260189 1.6038136 3.9110723 -5.9802880 2.0604203 15.0083647 1.5825193 0.8668036 
Car -1.0000000 -1 1.8464377 350.8415222 192.5817108 445.9277649 249.6793060 1.4760559 1.6509085 4.0191722 -6.0359092 2.0467193 20.9117012 1.5654372 0.8728376 
Car -1.0000000 -1 1.8512194 427.4759216 188.1490021 492.0705566 229.5695496 1.6169796 1.6836616 3.9970396 -5.9106274 2.0866275 28.3427792 1.6456251 0.8285408 
Car -1.0000000 -1 2.5351181 887.5413208 143.2955322 1104.7048340 214.9857941 1.6998755 1.6485689 4.5090413 8.9630470 0.9298608 16.9144802 3.0224016 0.7748303 
Car -1.0000000 -1 -1.5354199 679.5063477 174.4776459 744.2147827 226.8228302 1.5165043 1.7231195 3.8085723 3.3070042 1.6343609 24.0179691 -1.3985915 0.6958265 
Car -1.0000000 -1 2.1372561 -1028.0712891 216.3772278 71.1498184 647.7136841 1.4420666 1.6200778 3.9567194 -5.7087555 1.9360313 9.1480598 1.5793474 0.4184414 
Car -1.0000000 -1 -1.5641914 665.3479004 175.6188202 719.7285767 218.3191833 1.5999191 1.8200865 3.9014709 3.3941357 1.7028713 28.3404617 -1.4449962 0.6779663 
Car -1.0000000 -1 1.7732247 496.7380676 184.6231079 533.9996338 210.0170441 1.5932529 1.6133028 3.9118419 -5.8059711 2.0944123 43.8461037 1.6415735 0.6779662 
Car -1.0000000 -1 1.7447176 523.6986084 180.0558014 551.3305664 199.8721313 1.4681597 1.6846963 3.7961595 -5.4273982 1.9028190 57.5856972 1.6507461 0.4106996 
Car -1.0000000 -1 2.4871031 914.9476929 143.2978210 1004.4984741 204.2464752 1.8387361 1.8056488 3.9091017 14.8526936 0.5673306 29.0614319 2.9595747 0.2945867 
