Car -1.0000000 -1 -1.8825764 734.4118652 164.1244659 1018.8176880 350.0010986 1.6979820 1.7625377 4.3576899 2.7518938 1.5618896 8.7837372 -1.5789682 0.8953528 
Car -1.0000000 -1 3.7486643 -179.4925995 186.0358887 278.4833679 332.0502014 1.5640830 1.5715165 4.2115822 -6.2266221 1.7136657 8.1428614 3.0958388 0.6313916 
Car -1.0000000 -1 3.5918379 120.7858582 168.4979095 386.2491150 272.6415710 1.7466971 1.8018751 4.1125698 -6.4456944 1.6435150 13.2207680 3.1382054 0.4769909 
Car -1.0000000 -1 -1.7202365 677.0413208 174.5655365 757.9046021 237.0677490 1.5285840 1.6454031 3.6963153 2.8096788 1.5811759 19.8210583 -1.5794225 0.8275746 
Car -1.0000000 -1 0.4481210 212.5203705 170.3940125 447.1448364 255.3966980 1.8411226 2.0750737 4.2152071 -5.9768891 1.6053824 15.3914757 0.0777199 0.5864456 
Car -1.0000000 -1 3.6028211 26.7302475 179.8532410 324.4799500 289.5030212 1.5102270 1.7889184 3.6627014 -6.5623727 1.6629870 11.0039082 3.0650768 0.3355757 
Car -1.0000000 -1 -1.7592703 698.9651489 178.9347229 819.0018921 262.5419312 1.4296539 1.6105990 3.6708512 2.8414774 1.5564818 14.5370560 -1.5662396 0.7790534 
Car -1.0000000 -1 0.3102390 394.9082031 173.2070770 511.0943909 212.7800598 1.5550063 1.7355551 3.8907743 -6.3221288 1.3858896 29.1943760 0.0969789 0.5721929 
Car -1.0000000 -1 3.2755487 453.4954224 163.0652771 506.7203064 207.7521515 1.6951162 2.4935033 3.3710687 -6.4393716 1.4918702 29.5524006 3.0610054 0.4080761 
Car -1.0000000 -1 0.3775319 359.9654541 166.3742981 445.0078430 227.8137360 1.8339278 3.1329668 3.1755509 -5.8789396 1.6433876 15.8905964 0.0231841 0.4608991 
Car -1.0000000 -1 -1.6579450 651.1653442 172.7402802 694.7894287 208.9520721 1.5277195 1.6671178 3.6969507 2.6822774 1.5087197 32.0156097 -1.5743599 0.7862738 
Car -1.0000000 -1 -1.6150074 636.4541016 169.5098877 672.4949341 200.1395721 1.5820538 1.7093718 3.7694333 2.3836367 1.4323517 41.0802193 -1.5570484 0.6683011 
Car -1.0000000 -1 2.1323179 335.2469177 156.0837555 386.9478455 244.9077911 1.8068124 1.8774563 4.3078980 -5.9304795 1.5487841 16.4449024 1.7862072 0.3472215 
Car -1.0000000 -1 3.4816348 319.4817200 164.4454803 442.0733032 239.4260101 1.8175056 2.7259796 3.6045077 -6.0836492 1.6552703 15.8704414 3.1155794 0.3777797 
