Car -1.0000000 -1 -1.2055029 147.4782104 201.4081116 447.7413025 382.9152222 1.4382093 1.6190888 4.0688167 -3.1316636 1.7803848 7.9935880 -1.5788960 0.8799524 
Car -1.0000000 -1 -1.8969851 756.1607666 190.4327545 1039.9530029 370.3626709 1.4581208 1.7265368 4.0428395 2.7433436 1.6655049 7.8932667 -1.5624902 0.8866922 
Car -1.0000000 -1 -1.8028540 709.9269409 188.7950592 844.5646362 284.4208374 1.5267084 1.6804857 3.8614600 2.8203664 1.7908663 13.1038170 -1.5908557 0.7586500 
Car -1.0000000 -1 -1.4453910 470.5968323 185.8452148 544.3677368 243.3115234 1.5058767 1.5730884 4.0104680 -2.8679955 1.8560452 20.6510906 -1.5833870 0.8912745 
Car -1.0000000 -1 -1.7635134 672.3971558 179.6270752 759.9981079 248.8687592 1.6790948 1.8161443 3.8265958 2.6160836 1.7741307 18.5803661 -1.6236346 0.7910458 
Car -1.0000000 -1 1.6976843 523.6614990 180.8335266 566.6784668 216.1829529 1.4457220 1.6842734 3.9206684 -2.9604251 1.8706646 31.4279747 1.6037643 0.8600861 
Car -1.0000000 -1 -1.5894471 635.5237427 177.3010712 666.2108765 204.8216400 1.4636893 1.7090360 3.8767710 2.3359826 1.6634371 40.5586090 -1.5319154 0.7611093 
Car -1.0000000 -1 -1.6961328 659.2542114 170.7411652 729.3640137 234.0479736 1.7773104 1.7939993 3.8077753 2.5894456 1.7387999 22.4772892 -1.5814357 0.7183854 
Car -1.0000000 -1 2.4579883 -1734.7012939 222.1794586 346.3123169 1140.3675537 1.4069296 1.6053237 3.7528763 -2.8167810 1.7109470 2.5056794 1.6142058 0.6308622 
Car -1.0000000 -1 1.6285138 561.3808594 178.3112335 583.3766479 197.6354370 1.3853948 1.6981817 3.8618314 -3.1937747 1.9993707 60.6330986 1.5758886 0.5978660 
