Car -1.0000000 -1 -2.1955004 902.6634521 188.4185486 1914.4760742 702.6080322 1.5578923 1.6595280 3.8465796 3.1433930 1.6800393 4.2716308 -1.5610998 0.8175350 
Car -1.0000000 -1 9.8899910 117.1123657 181.6692657 368.5408936 274.7941284 1.5141965 1.6145463 3.9842193 -6.5592413 1.7142478 13.0673037 9.4247780 0.6376351 
Car -1.0000000 -1 -1.8938102 767.7882690 180.0969849 1025.1313477 340.9749146 1.6489162 1.7372732 3.8464832 3.2148290 1.7069173 9.2595940 -1.5596418 0.8545427 
Car -1.0000000 -1 3.7648897 -283.0796509 190.3432159 232.4014740 349.1946716 1.5150876 1.6519179 4.3611326 -6.6388717 1.6408269 7.5307164 3.0423493 0.7237887 
Car -1.0000000 -1 3.4891127 253.1031799 182.1618347 443.1067200 252.1108246 1.5814668 1.5866343 4.1303267 -6.1562800 1.7190340 16.8531837 3.1388829 0.5000711 
Car -1.0000000 -1 -1.6783443 682.8672485 183.3454285 752.4544067 235.0285187 1.5476328 1.6343877 3.7937872 3.2728832 1.8560760 22.7764263 -1.5356252 0.8190394 
Car -1.0000000 -1 0.3287708 342.5383911 175.8698578 491.5762634 234.9970245 1.6564440 1.9541537 4.1055369 -5.7552447 1.6798667 20.3883057 0.0536476 0.5901031 
Car -1.0000000 -1 3.3077233 401.3713989 174.1642609 496.2923279 221.9412079 1.5861099 1.7716073 3.8914976 -5.9413633 1.6514044 26.7160759 3.0888953 0.5775018 
Car -1.0000000 -1 -2.6841665 271.9699402 181.5180359 449.7407837 245.3096313 1.7194313 2.2062199 4.0431604 4.8920379 0.1059695 -11.3363295 0.0500323 0.2598729 
Car -1.0000000 -1 3.2118480 512.4698486 175.7153320 542.3944702 201.7443085 1.5372010 2.9560425 2.9291050 -5.2845964 1.7041881 44.6547241 3.0940524 0.4614818 
