Car -1.0000000 -1 -1.8705752 729.8893433 172.4018402 946.0837402 319.0024719 1.6928998 1.6511899 3.3758655 2.7200544 1.6519349 9.6811171 -1.5966719 0.8739264 
Car -1.0000000 -1 0.6877009 -145.7162476 178.2911224 298.1903381 327.8827515 1.6098300 1.7920250 4.1155758 -5.9267302 1.6706585 8.2816019 0.0665484 0.7290691 
Car -1.0000000 -1 -1.6678848 669.3516235 180.2619629 731.4271240 229.3047485 1.5179496 1.6682603 3.9221785 2.7903612 1.6827681 23.3954887 -1.5491763 0.7685920 
Car -1.0000000 -1 3.3599362 328.8715210 177.2754822 484.2579956 232.4852905 1.6006250 1.5693619 4.3775887 -5.9246721 1.7278119 21.5662193 3.0918303 0.4786274 
Car -1.0000000 -1 3.3738321 289.0349121 176.6174164 475.4318237 240.5936584 1.6274786 1.7008337 4.3369551 -6.0472040 1.7208713 19.0920601 3.0670899 0.5769062 
Car -1.0000000 -1 3.2807720 414.3796997 173.1983032 476.5606384 221.4677277 1.7611057 3.0070913 2.9808812 -5.8991666 1.7853432 24.0292702 3.0400339 0.2561436 
Car -1.0000000 -1 0.3382089 449.0958862 173.6668549 489.7780457 211.1817627 1.7659358 3.6265998 2.0974000 -5.9336948 1.7678171 34.3106956 0.1669627 0.3103243 
Car -1.0000000 -1 -2.6436184 131.7720184 165.4238129 380.6403198 275.3591309 1.7596902 1.8453617 4.1311855 -6.4892850 1.7351990 12.0267363 -3.1384199 0.4894951 
Car -1.0000000 -1 3.6371392 107.4199295 160.1428375 360.4796753 285.9777527 1.6771297 1.8537793 4.1544490 -6.2383223 1.6942227 11.2461863 3.1306904 0.5538254 
Car -1.0000000 -1 9.9182508 158.8557739 169.6937103 391.7908630 265.3707886 1.7631315 1.7959718 4.0256839 -6.4798617 1.7216668 12.0475483 9.4247780 0.4131217 
