Car -1.0000000 -1 -2.2035091 940.4632568 201.9111328 1867.7706299 659.2678223 1.5028427 1.7412903 4.0039444 3.8710940 1.7162563 4.8884311 -1.5337336 0.7717996 
Car -1.0000000 -1 -1.9320326 799.7041016 182.1576996 1006.1680908 313.6362000 1.5870060 1.6588598 3.6190534 3.9767547 1.6986625 10.5946989 -1.5729523 0.8295877 
Car -1.0000000 -1 -1.7765820 745.8358765 179.9189911 852.2102051 262.1380005 1.5569550 1.6443202 3.6386108 3.9896340 1.7293105 15.6927032 -1.5276215 0.8472044 
Car -1.0000000 -1 1.7860308 411.1434326 183.2389069 500.1255493 244.2493896 1.5200919 1.7436688 4.0211825 -4.3675418 1.8658682 20.6818218 1.5779108 0.8799614 
Car -1.0000000 -1 1.7394898 465.4343262 181.9330750 528.8991089 227.3630066 1.4746084 1.7146305 4.1218081 -4.1059651 1.8125470 26.4817791 1.5856659 0.8260332 
Car -1.0000000 -1 -1.7416950 717.9825439 177.6399689 789.2597656 235.7311096 1.5336093 1.6075667 3.6726246 4.1422153 1.7122064 21.6761341 -1.5528758 0.8272750 
Car -1.0000000 -1 -1.7419981 699.0969238 177.5214844 755.8264771 222.2690887 1.6145853 1.7048659 3.9295418 4.3087745 1.7368460 27.4986515 -1.5865715 0.7630861 
Car -1.0000000 -1 1.7508724 548.9885254 177.5805511 581.8667603 202.4184570 1.5356963 1.8011061 4.3805656 -2.7920978 1.9129353 47.7904167 1.6925149 0.8360810 
Car -1.0000000 -1 1.7068305 497.3580627 180.3140869 546.3071899 216.4334259 1.4835975 1.6201233 4.3397722 -3.9006393 1.8792922 33.0838737 1.5894707 0.6841260 
Car -1.0000000 -1 -1.7264366 686.0236206 176.2916260 723.3576660 209.2064972 1.6176565 1.5679889 3.7244446 4.8164878 1.7621378 36.3946571 -1.5948607 0.5265540 
