Car -1.0000000 -1 -1.1182387 44.6129799 185.4380798 344.6893616 360.3579102 1.6263226 1.6509416 3.7948949 -4.5865707 1.5834638 8.4793158 -1.6140784 0.8568648 
Car -1.0000000 -1 -1.8619170 709.4453735 182.0762329 906.4234009 316.5895996 1.5703939 1.6707362 3.8852439 2.6248364 1.5665034 10.7702341 -1.6228651 0.8926300 
Car -1.0000000 -1 -1.3256416 355.3966980 188.7322693 453.4775085 253.3194122 1.4985040 1.5807785 3.8932364 -4.9466333 1.5508620 18.0406895 -1.5932575 0.8601723 
Car -1.0000000 -1 -1.5398118 560.3703003 182.7578583 602.7495117 222.7188721 1.6528950 1.6668394 3.9570911 -1.1740563 1.5749693 30.8730106 -1.5778221 0.8486323 
Car -1.0000000 -1 -1.4062384 430.2361145 188.4732208 489.8133850 232.7306976 1.5856031 1.6384832 4.1040468 -5.1440687 1.6297624 25.1382008 -1.6080834 0.7782822 
Car -1.0000000 -1 -1.2120742 365.8798523 184.1820374 408.2377319 225.5238647 1.5641801 1.5934932 3.8672345 -9.1849127 1.3567967 33.3781738 -1.4806051 0.3465152 
Car -1.0000000 -1 -1.0575599 -51.9005470 166.1201935 192.9036102 299.6181641 1.7319494 1.5859011 3.6314116 -8.5789909 1.5468506 12.4496088 -1.6609310 0.4501673 
Car -1.0000000 -1 -1.4377971 452.9644165 185.8331146 498.6931152 219.8349762 1.6156650 1.6935273 4.3076444 -6.1643219 1.7681966 32.8125153 -1.6234976 0.6226641 
Car -1.0000000 -1 -1.5217817 487.0924683 185.5715790 517.6787109 209.3808441 1.5015862 1.6782501 3.8460100 -7.9509130 1.9825164 46.8770103 -1.6897949 0.3408529 
Car -1.0000000 -1 -1.3137435 269.8959961 186.5897980 355.8873596 232.0755005 1.4154301 1.6633763 3.6325483 -8.9831905 1.3897328 28.8405895 -1.6156964 0.4221005 
