Car -1.0000000 -1 0.4361162 209.5505371 175.0068359 444.0560608 262.1608582 1.6507823 1.9862833 4.2232747 -5.7700629 1.7216184 14.6501560 0.0609170 0.7504568 
Car -1.0000000 -1 3.7610813 -237.8120270 187.3880310 234.4847412 343.1824341 1.5027798 1.7545195 4.0164614 -6.2531080 1.6539627 7.7450047 3.0818608 0.6828848 
Car -1.0000000 -1 3.3852110 300.2498169 175.9892120 463.1482544 240.8144684 1.6493036 1.6887435 4.0366120 -6.3011298 1.6909131 20.7101440 3.0898567 0.6430574 
Car -1.0000000 -1 -0.4812864 856.6391602 194.5366821 1105.8769531 278.2478027 1.4332912 1.5919031 4.1229429 6.6527853 1.8000901 13.4963989 -0.0233105 0.6925650 
Car -1.0000000 -1 -2.8525337 359.8668213 181.2685242 482.3514709 227.8637695 1.4283462 1.6698674 4.0428562 -6.6546488 1.8107024 27.0239239 -3.0939801 0.3870349 
Car -1.0000000 -1 3.6520744 2.1271632 186.1493073 360.8812256 302.5553894 1.5409316 1.6862730 4.1336617 -5.7776842 1.6575356 10.1850815 3.1360694 0.6852882 
Car -1.0000000 -1 -0.3224653 720.4275513 184.3948059 841.4974365 227.6758728 1.4912772 1.7381065 4.3339343 5.7245083 1.9012941 25.1494732 -0.0986591 0.7546763 
Car -1.0000000 -1 -1.6668650 638.9306641 183.8749237 674.5623169 211.6349945 1.5220224 1.7552621 3.7780395 2.5170043 2.0047276 39.0877304 -1.6025600 0.8365803 
Car -1.0000000 -1 -0.4510616 818.0101929 185.5679321 1012.9938354 263.0134277 1.5365125 1.5558510 4.0825167 6.5918679 1.8454212 15.4865055 -0.0486385 0.6612964 
Car -1.0000000 -1 0.2919682 426.1408691 178.3811035 524.5582275 216.1530304 1.5792171 1.9024367 4.0268378 -6.0173769 1.8511512 31.9213486 0.1056482 0.5531281 
