Car -1.0000000 -1 -1.9384226 710.7597656 199.0879974 956.4245605 342.8718872 1.4571515 1.6608535 4.0323124 2.5294018 1.7711495 9.4218073 -1.6761444 0.8911831 
Car -1.0000000 -1 1.9899623 0.2222202 216.5933685 265.2795715 368.5752869 1.4434869 1.5977099 3.7756860 -5.9494467 2.0422175 9.3026018 1.4209709 0.8303527 
Car -1.0000000 -1 -1.7119854 583.3263550 188.3286438 649.9752808 237.0319977 1.4576801 1.6681110 3.7128723 0.1172432 2.0078659 24.3554764 -1.7071716 0.8714402 
Car -1.0000000 -1 1.7852754 403.2878723 190.5917664 447.9908142 223.9814301 1.6424150 1.7258621 4.0886765 -9.6127501 2.5383496 37.7801285 1.5361229 0.7393056 
Car -1.0000000 -1 2.4348755 -967.8201294 227.9823914 95.2812119 679.0397949 1.4786005 1.6975029 4.0857272 -5.5322809 2.0226865 4.6995816 1.5682733 0.6405998 
Car -1.0000000 -1 -1.6182992 574.6978760 186.7216644 620.9683228 226.2699890 1.5367862 1.6543747 3.7923231 -0.6579980 2.2851627 30.8741245 -1.6396083 0.6784860 
Car -1.0000000 -1 2.1265550 205.6494141 195.6127777 265.6270752 222.4612427 1.4155740 1.7155865 3.9633172 -21.3180542 2.5889316 41.5527611 1.6525332 0.4212496 
Car -1.0000000 -1 -1.3996635 1132.8862305 170.3481750 1241.2495117 260.5060425 1.5575569 1.7068251 3.6225615 11.9078178 1.4441841 15.4989738 -0.7445546 0.4000017 
Car -1.0000000 -1 -1.4852722 565.8789062 186.6926880 587.2073364 206.7317810 1.5175451 1.6313756 3.7951558 -2.4380019 2.5478311 55.7093391 -1.5290072 0.4503180 
Car -1.0000000 -1 -3.4385072 787.6311035 171.8453827 916.9169922 221.7832642 1.7629610 1.7852554 4.3125196 8.4168825 1.6918170 24.6401024 -3.1093416 0.5781111 
Car -1.0000000 -1 -2.2936969 1165.8209229 132.5728302 1893.4099121 965.2032471 1.5613569 1.7221872 3.9780204 3.6414971 1.6429620 2.8983235 -1.3951459 0.6281779 
