Car -1.0000000 -1 -2.0452164 855.8181763 182.8871002 1218.6368408 395.0127258 1.6361403 1.6582860 3.6395369 3.9265459 1.6990621 7.4318447 -1.5591542 0.8714664 
Car -1.0000000 -1 -1.8504704 771.5687866 183.3808289 923.5754395 288.7031860 1.5558140 1.6118895 3.8528178 3.9158995 1.7222306 12.6148052 -1.5494808 0.8515155 
Car -1.0000000 -1 1.8313550 364.7868652 184.7849121 476.0541687 257.4006042 1.5750973 1.6909385 4.0954294 -4.4927416 1.8779149 17.5594082 1.5808692 0.8692034 
Car -1.0000000 -1 1.7603049 438.7195129 182.5547180 511.3118591 235.0707245 1.5323970 1.6035125 3.9264238 -4.2762947 1.7987857 23.3177528 1.5789281 0.8791461 
Car -1.0000000 -1 -1.7364509 703.9044800 179.1028595 767.2028198 228.8974762 1.5807773 1.6638378 3.9658158 4.0765610 1.7396094 23.9135208 -1.5676030 0.7882050 
Car -1.0000000 -1 -1.7739674 729.9990234 178.7092743 821.6948242 249.2189941 1.5563685 1.6591691 3.8873041 4.0238652 1.7253073 18.2794113 -1.5572921 0.8520674 
Car -1.0000000 -1 1.7305013 476.6206055 181.6479492 531.8250732 222.4013214 1.4490595 1.6383500 4.2773438 -4.1222224 1.8373526 29.0203934 1.5893996 0.7720428 
Car -1.0000000 -1 1.7723221 539.2828979 177.6676788 574.0059204 204.5630188 1.5415030 1.7809502 4.2372494 -3.2369316 1.9068940 44.9528198 1.7004389 0.8097472 
Car -1.0000000 -1 -1.7410122 692.3449097 176.7955627 740.7282104 217.6130066 1.5933336 1.6281087 3.9421589 4.2664289 1.7547511 28.6930351 -1.5934016 0.7109682 
Car -1.0000000 -1 -1.7389313 683.0998535 177.7410889 719.8314209 208.3371277 1.5572524 1.6307849 3.6863518 4.7774572 1.7955005 37.0515518 -1.6106980 0.5452442 
