Car -1.0000000 -1 -1.8087159 484.0252991 187.6438293 615.5772095 268.2973938 1.4634757 1.6627442 4.0732570 -1.3463371 1.7283354 15.1817970 -1.8971655 0.7858697 
Car -1.0000000 -1 -1.6273112 380.6263733 180.8330841 440.0268250 222.0354004 1.4550865 1.7702389 3.6680403 -8.1584711 1.8106649 28.9747448 -1.9017768 0.8186616 
Car -1.0000000 -1 1.9532001 -43.1566467 202.9077454 134.6621246 309.5167236 1.4090227 1.6938263 4.1241903 -9.5273876 1.9449074 12.4114475 1.2985115 0.7364758 
Car -1.0000000 -1 2.1124393 -257.1693420 205.2684174 82.2493210 403.4837341 1.5591687 1.6981320 3.8769119 -7.3903894 1.8952490 7.7894177 1.3533219 0.6751833 
Car -1.0000000 -1 2.0222808 187.2354736 184.2525940 235.0428009 217.0616150 1.3816322 1.6625900 4.0618920 -21.6550961 2.0046964 40.0109100 1.5261959 0.3642470 
Car -1.0000000 -1 -1.4901014 369.2264709 179.6101532 412.6444397 214.4760742 1.4707274 1.6910495 3.9087987 -10.5347996 1.8825842 34.2230568 -1.7887238 0.6317970 
Car -1.0000000 -1 -1.9824628 628.0020142 139.4118805 1048.0272217 370.3285217 1.8843093 1.8451492 4.5127020 1.9146661 1.5865070 8.2045908 -1.7532007 0.7018390 
Car -1.0000000 -1 1.1033158 1061.6706543 154.8112030 1230.9210205 239.2733917 1.5930021 1.7203571 3.9599128 11.1567087 1.0299627 16.8724651 1.6875504 0.3912832 
Car -1.0000000 -1 2.4188638 517.5386353 173.9563446 598.0772095 204.3282166 1.4782114 1.6889063 4.0505309 -0.5701071 1.2400219 32.2186470 2.4011707 0.3756152 
Car -1.0000000 -1 -1.3539262 351.9298096 177.8614197 375.9858704 198.8322449 1.4121146 1.5558999 3.8014472 -18.6198559 1.8605380 54.7236099 -1.6818912 0.4786004 
Car -1.0000000 -1 3.1200210 545.3692627 167.1803741 655.1552124 210.2645569 1.6383168 1.4713252 3.9678924 -0.2257950 1.3274523 30.4486446 3.1126056 0.3745543 
