Car -1.0000000 -1 -2.1015845 835.7786255 177.6531372 1409.1654053 486.9497070 1.6603751 1.7551333 4.0906014 3.3045936 1.7031733 5.7343349 -1.5787873 0.8271410 
Car -1.0000000 -1 2.0354497 139.7205658 195.3925781 354.0180969 307.7782593 1.5163360 1.6380740 3.8536060 -5.8219409 1.8736043 11.9360075 1.5816396 0.8432408 
Car -1.0000000 -1 1.4110182 710.9345703 181.5575104 835.4321289 258.8031006 1.5241836 1.7732122 4.0883532 3.4047518 1.6894104 15.8575640 1.6225156 0.8294582 
Car -1.0000000 -1 2.3194339 -605.8090820 203.6266479 190.7827606 517.2688599 1.5550998 1.7514153 4.2786465 -5.6848712 1.8680577 6.1746321 1.5753092 0.7811720 
Car -1.0000000 -1 1.9331756 364.3204651 183.4333344 464.6201477 242.9358826 1.5566337 1.6439869 4.2144561 -5.6178846 1.8579654 21.0154362 1.6719617 0.8806079 
Car -1.0000000 -1 -1.7425448 692.5030518 177.4474182 756.7818604 233.9489136 1.5026758 1.7687666 4.0725946 3.4312510 1.7260648 22.3648167 -1.5903100 0.8200509 
Car -1.0000000 -1 -1.6812057 665.4191284 176.9639435 711.4883423 216.0552216 1.5717326 1.7228920 3.8870082 3.1905680 1.7210001 30.4807949 -1.5769109 0.8028214 
Car -1.0000000 -1 1.7670110 473.3905029 176.6085358 519.3627930 210.8568420 1.6229755 1.7071264 4.2314858 -5.6989560 1.8005643 36.5465889 1.6123201 0.7790351 
Car -1.0000000 -1 1.6982769 496.6030273 179.9100494 531.0692139 206.1356049 1.6479478 1.7283423 4.5734763 -5.7680182 1.8650857 43.7874794 1.5673034 0.5176447 
Car -1.0000000 -1 1.7693452 525.4265137 174.7473450 556.0993042 195.3979950 1.5913643 2.0260885 4.0907440 -5.1956439 1.6724770 56.4919739 1.6776319 0.5247441 
