Car -1.0000000 -1 3.5971933 28.2039413 195.5854187 338.3090820 299.9852600 1.5830058 1.7321789 4.2197170 -6.5029235 1.8720999 11.4990845 3.0825152 0.5074541 
Car -1.0000000 -1 3.5261488 144.8190460 191.3424988 372.2781372 274.1898499 1.5801344 1.8212259 3.8120408 -6.4369168 1.7762625 13.2110929 3.0727646 0.5720344 
Car -1.0000000 -1 3.4682201 242.7969055 177.0354767 422.9789734 259.3915405 1.7709582 1.7593970 4.1240964 -6.5601892 1.9404645 18.1149216 3.1207688 0.6734259 
Car -1.0000000 -1 -0.7115146 938.2541504 188.1714783 1338.3088379 323.8994446 1.5908430 1.7636266 4.1057901 6.2049274 1.9042821 11.0269880 -0.1989704 0.4446325 
Car -1.0000000 -1 -1.6743741 635.9985962 189.9149170 673.8949585 220.5712738 1.6587104 1.6822307 3.8858736 2.1306119 2.3449137 36.8596153 -1.6166350 0.8198480 
Car -1.0000000 -1 0.8422565 -465.0110779 191.9472504 188.3042603 415.3512878 1.6718616 1.7481598 4.5430875 -6.0104451 1.7808769 5.8916373 0.0468765 0.6459995 
Car -1.0000000 -1 -0.6786896 870.5728149 197.5238800 1180.2850342 298.7404785 1.5913231 1.6685950 3.9584916 6.2184811 1.9415406 11.2980833 -0.1755382 0.5409781 
Car -1.0000000 -1 -2.1767281 864.3043213 206.3575592 1855.8065186 733.1166382 1.6509440 1.7703034 3.9491241 2.8378994 1.6720444 3.7670987 -1.5310940 0.7732496 
Car -1.0000000 -1 9.1589111 758.8147583 190.8800812 918.6175537 251.2201691 1.6998382 1.6552991 3.8268943 5.3795719 2.0298719 19.7550735 9.4247780 0.5684807 
Car -1.0000000 -1 10.0877563 -157.0263367 185.8776398 216.7552643 340.7503662 1.6608500 1.6908460 3.8266032 -6.7090740 1.8686976 8.5915928 9.4247780 0.4783873 
Car -1.0000000 -1 -0.4462070 804.1150513 196.6486053 1003.1140747 268.2552795 1.5023781 1.5813099 3.9191434 6.0472994 1.9442000 17.0047073 -0.1045298 0.3791658 
Car -1.0000000 -1 -0.2535084 725.3639526 192.0047302 859.6845703 239.9217224 1.8101938 1.6875504 4.0864134 5.6769686 2.1297386 23.8018608 -0.0193733 0.5735857 
