Car -1.0000000 -1 -1.9275006 761.2536621 177.5661469 1116.0058594 396.0278320 1.4976170 1.6734815 4.1017866 2.7227535 1.5887450 7.3823843 -1.5741611 0.8793696 
Car -1.0000000 -1 -2.8112913 277.4316101 167.3643188 455.4918823 227.7144623 1.4401718 2.0260174 4.3571510 -6.3865600 1.3017629 18.9599094 -3.1361995 0.6498743 
Car -1.0000000 -1 0.6097330 -90.6479950 167.9420624 311.2883911 303.3224792 1.6199503 1.9832478 4.2802949 -5.6803069 1.4703723 8.8392792 0.0385626 0.6430879 
Car -1.0000000 -1 -0.2029511 736.2814941 173.8867340 860.1467285 219.6720886 1.4761739 1.5037684 3.8523960 6.5536742 1.5830145 25.2754326 0.0507521 0.5542652 
Car -1.0000000 -1 -2.8330056 343.7117310 167.8891296 485.2048645 220.7919769 1.4778117 1.8654526 4.3304105 -6.1539059 1.3038907 19.7075825 -3.1356726 0.5256274 
Car -1.0000000 -1 3.2773883 406.5816040 166.0913696 506.9425049 213.7619476 1.6029317 1.7486026 4.2341151 -5.5904751 1.3215753 26.5115108 3.0695632 0.5463476 
Car -1.0000000 -1 3.2840879 429.8147278 162.1951447 509.5353394 208.8426514 1.6220415 1.9532044 4.1106730 -5.6917796 1.2767718 26.9594078 3.0760194 0.4625398 
Car -1.0000000 -1 -2.8742105 388.8372803 165.2899017 477.3372192 214.4629517 1.5913717 1.6991208 4.2632589 -5.6455679 1.3137071 26.2174225 -3.0863082 0.4629506 
Car -1.0000000 -1 -1.6918145 636.9735718 171.9658508 663.6337280 194.0496674 1.5341681 1.6763496 3.7930181 2.7987885 1.4734164 50.5956039 -1.6365540 0.7782472 
Car -1.0000000 -1 3.7262045 -494.4744263 159.9547119 64.7809296 358.5997314 1.5497005 1.7480073 4.0906401 -6.1935816 1.5161468 8.3467512 3.0878205 0.4967512 
Car -1.0000000 -1 -0.0834914 685.6090088 170.7380066 762.6877441 201.5635986 1.5191401 1.8836949 4.0575581 6.1499457 1.5995816 38.4905319 0.0749475 0.5004222 
Car -1.0000000 -1 0.2299446 470.6604004 166.1181030 550.4766846 195.8527527 1.5558860 1.7135869 3.8809371 -5.9983950 1.1793061 42.0262299 0.0881724 0.4303271 
