Car -1.0000000 -1 -2.0719464 862.3760376 187.5199585 1288.5955811 427.4431763 1.5633734 1.6950566 3.8967197 3.7101898 1.6678305 6.6270809 -1.5615702 0.8628264 
Car -1.0000000 -1 1.9535068 201.8852539 191.9035492 400.1661987 309.8986816 1.5271419 1.7068399 4.1025629 -4.7446089 1.8448887 11.6193180 1.5658332 0.8597662 
Car -1.0000000 -1 2.2426422 -429.4081726 201.1029663 257.6240540 503.4353943 1.4994677 1.7435446 4.3200340 -4.8245797 1.7783452 5.8521733 1.5531944 0.8670826 
Car -1.0000000 -1 1.8755953 340.2780762 187.5442505 462.3882446 260.3490906 1.4078456 1.6678243 4.2401977 -4.7355127 1.7339206 16.7283134 1.5997294 0.8600430 
Car -1.0000000 -1 -1.7499986 719.4469604 179.5443573 815.6690063 253.0049744 1.4859815 1.6767573 3.8332098 3.7001095 1.7041751 17.3662567 -1.5400745 0.8360193 
Car -1.0000000 -1 -1.8617934 756.2434692 184.0480804 932.9364624 294.5440674 1.5587299 1.6782373 4.1028910 3.5543745 1.6815848 11.7867870 -1.5689099 0.8469958 
Car -1.0000000 -1 1.7392802 489.6342773 179.5002594 538.8759155 215.5440063 1.4757752 1.6372949 3.7400465 -4.3463936 1.8629116 33.0335922 1.6084567 0.8595818 
Car -1.0000000 -1 -1.7176363 703.2659302 177.1425018 770.5242920 231.9011230 1.5474730 1.5932603 3.6900988 3.9912293 1.7156073 22.7064400 -1.5436386 0.7828582 
Car -1.0000000 -1 -1.6903356 688.4338989 177.4684448 737.2315674 218.5735931 1.5306866 1.6834912 3.8669930 4.1537309 1.7225246 28.5212822 -1.5457162 0.7745972 
Car -1.0000000 -1 1.7057864 512.4962769 178.3706207 554.1023560 209.3700714 1.4899551 1.5845413 4.0971327 -4.0552597 1.8625792 38.2451744 1.6001478 0.6811353 
Car -1.0000000 -1 -0.2261887 599.4996338 173.8310547 644.5427856 192.1647949 1.5385780 1.6666716 4.4477139 0.7426016 1.6308880 64.5200424 -0.2146796 0.4049915 
