Car -1.0000000 -1 -2.0917748 834.2395630 193.6680298 1499.2537842 618.3773804 1.6554632 1.7636572 3.8899372 2.8373208 1.7428622 4.7674141 -1.5549300 0.7853898 
Car -1.0000000 -1 0.2420521 289.3048401 172.9273071 415.6395569 253.8645477 1.7174456 3.1058266 3.1388559 -5.7826762 1.8235060 11.4783115 -0.2246241 0.3001172 
Car -1.0000000 -1 3.4513795 184.4721985 187.3718414 386.8621216 262.4453430 1.5432422 1.8096771 3.6995554 -6.2990990 1.6372520 14.5500813 3.0428152 0.4778126 
Car -1.0000000 -1 -0.4762111 905.8344116 185.7995453 1260.3815918 308.5933533 1.6262159 1.5417755 4.0904479 6.1012015 1.8062563 11.9262867 -0.0033456 0.4273425 
Car -1.0000000 -1 -1.6643399 636.7730713 186.0696716 673.5870361 215.6880188 1.6159544 1.6785356 3.8463688 2.1959195 2.1459587 37.7204666 -1.6061900 0.8525218 
Car -1.0000000 -1 3.5833029 74.2291870 188.7436218 364.7975769 284.2819214 1.5414003 1.7995696 4.2623234 -6.5889626 1.7259545 12.1273823 3.0856082 0.6494113 
Car -1.0000000 -1 -0.2568202 721.8759155 185.7398834 848.7680664 232.0389099 1.7756641 1.8489289 3.9641461 5.6087666 1.9618592 24.2608414 -0.0296257 0.5882804 
Car -1.0000000 -1 -0.4936166 853.2394409 193.5500946 1112.9343262 279.4221191 1.5020345 1.7020431 3.8562112 6.0859356 1.8400207 13.3945026 -0.0671422 0.4074573 
Car -1.0000000 -1 0.7561530 -293.0407104 178.9418030 225.5996552 376.7012939 1.5954478 1.8210957 4.3028412 -5.9919000 1.7364947 7.2463665 0.0652333 0.6175369 
Car -1.0000000 -1 -0.4340276 795.0723877 190.3308563 980.6815796 259.0021667 1.5316463 1.5984887 3.9957581 6.1461363 1.8579288 15.5135202 -0.0568193 0.6205834 
Car -1.0000000 -1 -0.2647288 793.8940430 184.5565186 876.5586548 245.5392914 1.5891913 1.7451698 3.7100377 5.7482061 1.9194882 23.8532372 -0.0282553 0.2740076 
Car -1.0000000 -1 9.9359055 -44.6667404 182.8128357 291.8436279 313.9082642 1.5345830 1.7245779 4.2363205 -6.6165190 1.7434983 11.7975168 9.4247780 0.5101823 
