Car -1.0000000 -1 -1.8312843 456.1373596 188.7723541 583.4253540 267.4620361 1.4385999 1.6594725 4.0338349 -2.0357530 1.7643400 15.5837526 -1.9611818 0.7887768 
Car -1.0000000 -1 1.9964773 -77.8141022 201.5873108 107.2539215 311.8506470 1.3755001 1.6752977 3.9318669 -10.0767069 1.9352151 12.3396673 1.3116895 0.7306598 
Car -1.0000000 -1 -1.6553653 349.3976440 182.9873810 409.6368713 224.2246704 1.4665478 1.7534088 3.6364884 -9.4021692 1.9254375 29.1743202 -1.9671310 0.8004020 
Car -1.0000000 -1 -1.7009381 903.8541870 161.2179871 945.4590454 228.9843292 1.4853009 1.8696173 3.4393201 7.6911445 1.2009213 15.9972277 -1.2527845 0.3839573 
Car -1.0000000 -1 -1.9823614 594.2913208 144.3057404 975.2489624 356.2388611 1.8720474 1.8399805 4.4138203 1.5330358 1.6277971 8.7312288 -1.8085523 0.7180141 
Car -1.0000000 -1 2.1819597 -266.6813965 203.2131653 64.4387207 397.0780334 1.5588876 1.6804945 3.9552016 -7.9314880 1.9101259 7.9471545 1.3975482 0.5751147 
Car -1.0000000 -1 2.0295677 149.3820496 185.8126068 199.0358582 218.7259521 1.4472454 1.6876978 4.1625051 -23.6915913 2.0944967 39.8948479 1.4936819 0.3455756 
Car -1.0000000 -1 -1.4895531 337.5346375 181.3078003 381.6365051 215.9179993 1.5095615 1.6684089 3.8530037 -11.9970522 2.0020525 34.2979546 -1.8260400 0.6013283 
Car -1.0000000 -1 1.0997392 997.1847534 160.7798462 1159.5939941 234.7256622 1.5939503 1.6725308 3.8517640 9.6820698 1.0944891 14.0516720 1.7030669 0.4592486 
Car -1.0000000 -1 2.2134333 485.7558594 176.9532013 567.2178955 207.5556335 1.5664625 1.7195513 4.1384168 -1.9898264 1.4143155 32.5403938 2.1523600 0.4590993 
Car -1.0000000 -1 3.1669780 515.6182861 168.1792450 622.7753906 210.6380920 1.6114813 1.5381261 3.9065900 -1.6365731 1.3691274 31.4571209 3.1149993 0.4009717 
