Car -1.0000000 -1 1.9218248 241.4071808 190.8095398 415.6318359 295.9607544 1.5443580 1.6803557 3.9621177 -4.7096710 1.8287628 12.6179304 1.5645872 0.8318415 
Car -1.0000000 -1 -1.8487221 747.1245728 181.3402863 902.7810669 281.8840332 1.5471505 1.6741021 4.0350804 3.5987353 1.7022026 12.8577318 -1.5758165 0.8219606 
Car -1.0000000 -1 1.8707374 357.7919006 186.0998535 471.4003601 254.9985504 1.4278750 1.6928043 4.1001973 -4.7254772 1.7835048 17.9362717 1.6131319 0.8532754 
Car -1.0000000 -1 -1.7483094 714.9657593 178.1277771 802.0319214 245.7495422 1.4863104 1.6815066 3.7817187 3.7517841 1.6930126 18.4475117 -1.5476696 0.8226344 
Car -1.0000000 -1 2.1518243 -179.3064880 202.3372955 293.7451172 429.9737244 1.5101227 1.7149951 4.2041011 -4.8139358 1.8293571 7.0046606 1.5497084 0.8712826 
Car -1.0000000 -1 -2.0008711 836.6006470 184.6508331 1173.1456299 377.7375183 1.5168202 1.6585643 3.7023566 3.6715086 1.6133984 7.6815391 -1.5550061 0.8929022 
Car -1.0000000 -1 1.7539744 495.4807434 178.9337158 542.0187988 213.8489838 1.4641215 1.6410185 3.7513680 -4.2777362 1.8527435 33.9888725 1.6287757 0.8493199 
Car -1.0000000 -1 -1.7193163 700.6240845 176.3791351 764.3118286 227.1186066 1.5086203 1.6390855 3.6591461 4.0601983 1.6417354 23.9675941 -1.5515058 0.7547525 
Car -1.0000000 -1 -1.6714136 688.0233765 177.0554047 735.7878418 217.0389252 1.5281215 1.6467599 3.8139653 4.1639009 1.7133275 29.4774799 -1.5310850 0.7620503 
Car -1.0000000 -1 1.7308992 517.2966309 178.1146240 556.4253540 207.7940216 1.4920006 1.5297818 3.9704633 -3.9107375 1.8543586 38.7718620 1.6303738 0.7214609 
Car -1.0000000 -1 -0.3604628 589.9049683 173.4741364 634.7397461 191.9918976 1.6291431 1.7130113 4.0106392 0.0377351 1.6282889 65.9829636 -0.3598909 0.4461988 
