Car -1.0000000 -1 0.5548265 1.6147643 187.7209473 327.3986206 306.8979492 1.5403180 2.1424029 4.1325521 -5.7291541 1.7193643 10.0996933 0.0388283 0.5837792 
Car -1.0000000 -1 -1.6794520 705.5319214 188.1599579 819.9401245 269.7396240 1.5036563 1.7294533 3.9084947 3.0509229 1.7483125 14.4890499 -1.4719163 0.8026718 
Car -1.0000000 -1 0.3619444 291.1001587 176.7335815 421.7909546 250.3038330 1.6702842 1.8147047 4.3898015 -6.3251252 1.7883731 19.1135387 0.0423640 0.5728733 
Car -1.0000000 -1 0.5187250 139.3473358 180.8952637 408.8304749 281.9075012 1.6431292 1.8342221 4.3187861 -5.6960053 1.7602060 11.9363155 0.0734835 0.6929166 
Car -1.0000000 -1 -0.4370623 764.6891479 179.3255310 932.5471802 238.0097656 1.6651416 1.8311342 4.2188721 6.3215308 1.8067592 19.9115810 -0.1296469 0.7379201 
Car -1.0000000 -1 3.8479727 -382.7807312 198.4085541 153.8378601 370.3556519 1.5084078 1.6563147 3.8704250 -7.1096401 1.7973770 7.3950129 3.0822466 0.6569728 
Car -1.0000000 -1 0.1234228 372.7079468 181.0471649 464.0484619 229.1574402 1.4839321 2.4462819 3.8037767 -0.7051944 1.5456388 3.2482862 -0.0903572 0.2466622 
Car -1.0000000 -1 -1.6581973 638.0472412 180.2942200 667.0488281 205.2973785 1.5941952 1.7612611 4.0281773 2.6880202 1.9788169 46.6180153 -1.6006005 0.7809303 
Car -1.0000000 -1 0.4580952 231.5369415 175.8315582 413.0466003 264.2786560 1.6368650 1.9278997 4.2579832 -5.8731422 1.7199421 13.1322889 0.0375479 0.4151923 
Car -1.0000000 -1 -0.2245504 693.9795532 177.1119080 777.1201172 211.0131836 1.5423743 1.9669352 3.8168406 5.9072785 1.7129365 33.8560829 -0.0518073 0.4724764 
Car -1.0000000 -1 3.2649684 418.0487671 178.5743713 473.9281006 223.1685791 1.7379862 3.4604163 2.6697278 -5.6532907 1.8097529 27.2277927 3.0602477 0.2608404 
