Car -1.0000000 -1 0.6206619 -20.6217899 181.3558197 242.2756195 333.1097107 1.7274864 1.8663620 4.4146228 -5.9141936 1.7682440 9.0576086 0.0422135 0.5476165 
Car -1.0000000 -1 -1.7904170 734.1088257 187.7616119 913.9335938 311.5697937 1.4945999 1.7757413 3.7327054 2.9221992 1.6980689 10.6686506 -1.5230689 0.8735315 
Car -1.0000000 -1 -0.2563889 705.7096558 175.8188934 808.0689697 218.1627808 1.5893824 1.7870767 4.0027952 5.8118858 1.6437173 28.8390942 -0.0575245 0.5927243 
Car -1.0000000 -1 3.4116855 272.4722290 182.8068695 446.7229004 240.9980164 1.6544955 1.6244503 4.1630802 -6.4253325 1.6784451 19.4172459 3.0921188 0.4929815 
Car -1.0000000 -1 -0.6083383 804.2170410 176.0501099 1015.9826660 250.8226013 1.5750762 1.8282020 4.2645612 6.3017564 1.6247609 15.7918310 -0.2286497 0.6594861 
Car -1.0000000 -1 3.3719757 380.6181641 177.1432800 452.4508362 230.6342468 1.8099194 3.5714672 2.4882541 -6.0630660 1.8245431 21.5018311 3.0971327 0.2919556 
Car -1.0000000 -1 -1.6483239 638.5983887 179.8710327 668.8791504 205.4709320 1.5868158 1.7492235 4.1132479 2.5142965 1.8165419 43.2846489 -1.5903016 0.8033379 
Car -1.0000000 -1 3.4512675 349.7730713 177.0017548 449.1102905 233.8808899 1.8262236 2.7618725 3.7112291 -6.3642721 1.8474605 19.7393398 3.1393748 0.3471685 
Car -1.0000000 -1 -0.2195096 738.4948730 178.7671356 853.3863525 229.6037140 1.5309156 1.7280737 3.8297656 5.7290454 1.6464275 27.5996532 -0.0148395 0.4630639 
Car -1.0000000 -1 0.5585579 58.2091560 178.3080139 372.5101624 294.5246277 1.7082815 1.9361308 4.4100933 -6.0816278 1.7632771 9.6970825 -0.0015936 0.5448177 
Car -1.0000000 -1 0.5086385 128.4924316 176.2253265 389.3275452 282.6558228 1.6670810 2.0549824 4.4935689 -6.1149640 1.7110530 12.1012268 0.0407458 0.5712215 
Car -1.0000000 -1 0.5697513 74.8820038 177.4578400 383.7234802 289.7217407 1.6992338 1.9699303 4.4154754 -6.0213318 1.7470793 9.4602079 0.0029318 0.5251641 
Car -1.0000000 -1 0.5383797 93.7255325 178.3309174 390.5281982 287.2765808 1.6354667 1.8967246 4.4112854 -6.0294261 1.7199807 9.7847433 -0.0138714 0.5240446 
Car -1.0000000 -1 3.5600141 201.2500000 173.7286224 395.3306274 258.8136902 1.6744565 2.1033061 4.2332101 -6.6439915 1.8329328 14.9283638 3.1412774 0.5068043 
