Car -1.0000000 -1 1.9099181 22.7259674 214.9246674 243.7980804 342.9397583 1.3539001 1.6666696 3.8211763 -6.9283032 2.0599627 10.9889822 1.3473898 0.7852664 
Car -1.0000000 -1 -1.8655284 634.6688843 194.7610626 822.2293091 307.6587524 1.4952928 1.6746770 4.0187993 1.6266637 1.8142282 11.6554298 -1.7268614 0.8822808 
Car -1.0000000 -1 2.1975763 -417.6230164 226.5659180 130.0334778 497.6585083 1.4072380 1.7481021 4.0969186 -5.8195691 1.9869469 6.0095568 1.4282378 0.8348102 
Car -1.0000000 -1 -1.6912159 526.1078491 187.6622009 590.1568604 232.8262939 1.4516320 1.6871166 3.8085706 -1.9964449 2.0081496 26.4342060 -1.7665979 0.8595819 
Car -1.0000000 -1 -1.6228808 518.1668091 186.7891693 563.1278076 223.6888428 1.5426368 1.6690264 3.9776821 -3.1766009 2.2323608 32.6523170 -1.7198613 0.6514186 
Car -1.0000000 -1 1.8286126 349.3661194 190.4181824 394.1869812 222.9300537 1.5071523 1.6812949 3.9825974 -12.9131021 2.5389459 39.2140579 1.5104984 0.6626342 
Car -1.0000000 -1 -2.1723283 859.8670044 121.7495270 1658.7032471 596.2771606 1.7425098 1.7593539 3.7772150 3.0640795 1.4774439 4.3138294 -1.5547282 0.7653541 
Car -1.0000000 -1 2.0685036 147.4676971 198.0304718 207.9601898 225.8756409 1.3216866 1.7285008 3.9414916 -24.2122192 2.7544310 39.6416817 1.5201976 0.3769462 
Car -1.0000000 -1 2.7622473 710.6535034 173.2384338 830.8057251 220.1813354 1.6158133 1.9309571 4.2107587 6.2782083 1.5662403 27.3328400 2.9880257 0.5149189 
Car -1.0000000 -1 -1.4636159 508.2427979 186.1164398 530.3038940 206.3001251 1.4630747 1.7157799 3.9413326 -6.6948729 2.4610832 55.0770187 -1.5845772 0.4035390 
