Car -1.0000000 -1 -1.7772442 705.0936890 177.2804413 789.2405396 240.1348572 1.5302128 1.6632061 3.7973871 3.7548401 1.7077841 20.3116169 -1.5944462 0.8465948 
Car -1.0000000 -1 -1.8020571 740.2110596 178.9770966 869.7606812 270.9762573 1.5994488 1.6697659 3.8830984 3.6493778 1.7041005 14.2835693 -1.5519136 0.8443721 
Car -1.0000000 -1 -1.9329272 795.0302124 184.3372192 1052.5059814 345.2702026 1.6517593 1.7316072 3.7868443 3.4566071 1.7437084 8.7875910 -1.5581659 0.8495378 
Car -1.0000000 -1 -2.2942121 930.8692627 191.2481079 2158.0422363 814.2140503 1.5688354 1.7377986 4.1928692 3.5172536 1.6140361 3.9396410 -1.5653974 0.7639773 
Car -1.0000000 -1 2.0950141 -10.5700340 195.5211945 343.5943909 369.6089478 1.4497869 1.7725601 4.6853976 -5.0206599 1.8142743 8.7978039 1.5764385 0.8716430 
Car -1.0000000 -1 1.7880220 434.9168396 179.7154236 502.4517822 228.6109467 1.5264975 1.6666160 3.7679176 -4.7800722 1.7999717 24.6557713 1.5965253 0.8201029 
Car -1.0000000 -1 1.7904153 471.8114014 178.8747864 525.7531738 217.5478668 1.4475105 1.6658987 4.1119814 -4.6122637 1.7611346 29.7322388 1.6365153 0.7590311 
Car -1.0000000 -1 -1.6923748 699.5437622 177.2653351 755.0004272 224.9127197 1.5750960 1.6311688 3.7353573 4.0936646 1.7083849 25.4550533 -1.5329207 0.6222294 
Car -1.0000000 -1 1.6918719 595.3075562 173.8528290 625.7783813 193.0265961 1.5962889 1.7843367 4.4267945 0.0723765 1.6354506 64.2165146 1.6929990 0.5903729 
Car -1.0000000 -1 2.4733168 -1573.3720703 197.6911774 106.2026520 962.8394775 1.4984825 1.6494827 3.7688680 -4.9638500 1.9151943 3.7487967 1.5493537 0.4528841 
