Car -1.0000000 -1 -1.7936700 708.7844238 169.7795105 873.0650635 289.2596741 1.7187952 1.7137100 3.4967139 2.7695069 1.6497715 11.6937609 -1.5611186 0.8653389 
Car -1.0000000 -1 -2.3629804 865.2512207 187.2741241 2665.5346680 1090.3066406 1.6286448 1.6567663 4.0657516 2.8574591 1.7151154 2.8080704 -1.5688651 0.7900745 
Car -1.0000000 -1 -2.8057592 321.9860840 171.7565308 482.7730408 232.1121216 1.6595317 1.5510037 4.3292847 -6.0500193 1.6112409 20.7910824 -3.0889306 0.5736347 
Car -1.0000000 -1 3.2662746 429.6667786 170.8788452 485.6640320 214.7269897 1.6501451 3.1394055 2.8300762 -6.0080929 1.6029615 26.6457272 3.0445028 0.2652640 
Car -1.0000000 -1 3.3398156 366.8067322 172.3630829 493.6170349 221.5721741 1.5943761 1.5599322 4.3904572 -6.0274005 1.5439521 23.8638058 3.0924149 0.4578090 
Car -1.0000000 -1 -1.6724080 664.0409546 175.8187714 720.1191406 221.3391113 1.5330986 1.7267538 4.1229477 2.8169436 1.5940313 25.5460567 -1.5625825 0.8438337 
Car -1.0000000 -1 3.2575032 466.1602783 167.9122467 502.8283997 202.5573425 1.7199674 3.4549839 2.1498718 -5.8776174 1.3387481 37.5717583 3.1023238 0.3003506 
Car -1.0000000 -1 3.5749598 175.0162964 155.3021545 380.9684143 267.0619507 1.7216200 1.8492428 4.2021518 -6.2484922 1.6566782 13.1094561 3.1301742 0.5047815 
Car -1.0000000 -1 0.6404671 6.3713179 175.4055786 364.3226318 297.3059998 1.5640607 1.8957958 4.1227517 -5.9434276 1.6135465 10.1073484 0.1088953 0.7092177 
Car -1.0000000 -1 9.8482080 214.5998535 162.4556274 402.4579468 256.7787781 1.8803577 1.7400080 3.9681206 -6.5741639 1.7136227 14.5867901 9.4247780 0.5164959 
Car -1.0000000 -1 -1.6486178 626.3204346 172.4945068 650.9480591 192.4168243 1.5855370 1.7027785 3.8659933 2.2419715 1.5267918 56.6872673 -1.6090885 0.6786234 
