Car -1.0000000 -1 0.6452367 -72.8738327 176.2981567 322.4737549 324.9472046 1.6589969 1.7967958 4.2197390 -6.0127897 1.6444151 9.2312565 0.0679122 0.7262404 
Car -1.0000000 -1 -1.7348529 680.2882690 181.3460236 784.9173584 258.4284058 1.4784800 1.6365074 4.0506024 2.6617398 1.7219704 16.4469776 -1.5744064 0.8661143 
Car -1.0000000 -1 3.2310270 444.5651855 170.9920502 500.9532166 213.8217468 1.5645818 2.8668053 3.0882411 -5.7913651 1.6391220 27.8277378 3.0258411 0.3481354 
Car -1.0000000 -1 3.2343253 476.8634644 168.8329773 519.8829346 208.4988098 1.5991342 3.1716316 2.7156851 -5.9178348 1.6749754 32.2366333 3.0527719 0.3126556 
Car -1.0000000 -1 2.0304461 270.8085632 169.2521210 319.6523132 250.6406403 1.7621671 1.8403611 4.2454734 -6.6144571 1.7223483 15.2944918 1.6222627 0.6013326 
Car -1.0000000 -1 -0.3530966 751.9257812 181.2509003 889.1011353 236.0007172 1.5490988 1.6805893 3.8549461 5.9564791 1.7178894 21.7267189 -0.0855166 0.5773941 
Car -1.0000000 -1 0.4078350 136.4842224 175.2436829 359.2295837 268.4932556 1.6307551 1.7281104 3.8104811 -6.3409557 1.5520811 15.3534269 0.0161727 0.4904383 
Car -1.0000000 -1 0.3923312 293.6975098 177.1522980 467.0839539 238.4227142 1.7016714 1.9947021 4.2004452 -5.5702586 1.5698577 18.0386047 0.0928238 0.6481118 
Car -1.0000000 -1 -1.6129322 630.4426880 176.6488800 652.6534424 194.6177063 1.6129949 1.7090172 3.7496891 2.6646805 1.6942847 59.2626076 -1.5679985 0.6267044 
Car -1.0000000 -1 0.3880126 265.2553711 176.4120026 449.0612183 240.7503662 1.7175610 1.9939959 4.2373347 -5.6405206 1.5802768 17.8300133 0.0816243 0.6285833 
Car -1.0000000 -1 0.3745914 250.7915192 176.3588257 432.4393921 240.6079865 1.6755074 1.8858969 4.3335190 -5.5956826 1.5404327 17.7186565 0.0686963 0.6335091 
