Car -1.0000000 -1 -1.4008167 421.2794189 188.3268738 529.4703979 268.8266907 1.5032001 1.5623645 4.2543068 -2.7655663 1.7964697 15.4158487 -1.5783261 0.8948889 
Car -1.0000000 -1 -1.8074312 699.7092285 184.3783112 841.5140381 282.1627808 1.6387582 1.7088569 3.9633250 2.6959975 1.7596205 13.2991686 -1.6074224 0.8141851 
Car -1.0000000 -1 -1.9037034 770.4683228 199.5862885 1072.4527588 384.7784729 1.6478726 1.7271897 4.0403776 2.9089468 1.8016782 7.7552376 -1.5448499 0.8285209 
Car -1.0000000 -1 -1.6696949 681.8359985 167.0987396 773.9226074 250.3938599 1.7731199 1.7422767 3.9503219 2.9055588 1.6598960 17.5275459 -1.5054178 0.7287524 
Car -1.0000000 -1 -2.3567253 894.9367065 198.5882721 2651.8200684 1172.6127930 1.5115452 1.5774020 3.7220297 2.7453992 1.5716364 2.5948389 -1.5431410 0.6608224 
Car -1.0000000 -1 -1.5721026 643.6463623 176.5406494 680.9845581 209.2524261 1.4439589 1.6515423 3.7652376 2.6333995 1.6021116 35.8044243 -1.4986852 0.8327136 
Car -1.0000000 -1 1.6772702 507.1214294 180.8303223 562.3094482 224.2978516 1.4303746 1.7210541 4.0001502 -2.7989523 1.7559711 26.0844479 1.5703757 0.8737553 
Car -1.0000000 -1 1.6573293 560.3698120 177.3617096 584.4719238 198.3643036 1.5490952 1.6614057 4.0645094 -2.8092868 1.8801649 55.2466736 1.6065232 0.6608489 
Car -1.0000000 -1 -0.6839894 -480.4809265 244.0072327 -231.7747498 838.0894775 1.4754249 1.6630014 3.9417691 -2.8537860 1.7256471 2.0509343 -1.6316383 0.5012654 
Car -1.0000000 -1 -1.5582809 633.1419678 174.1051025 659.4017334 198.8834229 1.5900429 1.7648861 3.5785375 2.3657718 1.6526465 51.5822411 -1.5124489 0.4683265 
