Car -1.0000000 -1 -1.9487519 786.1276245 196.2485046 1114.9790039 385.8889771 1.5336848 1.6365155 3.5535483 3.0174158 1.7165875 7.4185739 -1.5624504 0.8666787 
Car -1.0000000 -1 -1.7318962 676.0254517 180.5424957 782.0793457 254.1884613 1.5393779 1.6532929 3.9399276 2.6246657 1.7044753 16.8529053 -1.5773977 0.8769331 
Car -1.0000000 -1 9.9837453 1.7632515 192.5479736 331.8279114 303.3358154 1.5433459 1.7809432 4.2463861 -6.4480882 1.7633085 10.3084974 9.4247780 0.6428230 
Car -1.0000000 -1 3.6101060 122.4691467 185.6813660 354.5394897 278.2273560 1.6008129 1.7113719 4.0233822 -6.6491041 1.8106337 13.0658360 3.1393698 0.5614995 
Car -1.0000000 -1 3.7567828 -210.1759338 196.1659241 221.8842773 345.7917786 1.4406257 1.8330615 3.9303255 -6.4544983 1.7428200 8.4779720 3.1060725 0.4143916 
Car -1.0000000 -1 -1.6328940 662.2593384 179.4009857 707.5343628 217.2730713 1.5868450 1.5574391 3.5864072 2.9535556 1.7439965 28.6195621 -1.5300574 0.7503876 
Car -1.0000000 -1 0.4707327 217.1830597 185.5179596 411.4848633 257.4884033 1.6227885 1.8048722 4.0473866 -6.4642501 1.7126700 14.3209715 0.0467289 0.5760095 
Car -1.0000000 -1 0.3226590 333.7713013 181.3718872 478.6119385 235.2621765 1.6686581 1.8287181 3.9964695 -5.7187386 1.8302598 20.7606907 0.0538652 0.7367055 
Car -1.0000000 -1 0.9861462 -651.9151001 182.4657593 128.3840027 442.2919006 1.5047653 1.6850545 4.0114908 -6.4228377 1.6901566 6.4185815 0.2004166 0.4542896 
Car -1.0000000 -1 0.3212925 312.8037720 183.1413727 459.3931885 235.3119812 1.6481377 1.8630024 3.9913211 -5.7243075 1.8245987 20.7204857 0.0517523 0.7388905 
Car -1.0000000 -1 -2.8273915 371.0847168 175.5433197 470.7976990 218.6395721 1.6506083 1.7692943 4.1315403 -6.1582527 1.5951188 30.6405220 -3.0257330 0.2772776 
