Car -1.0000000 -1 -0.4770018 825.9910889 181.3455048 1112.4262695 277.9386597 1.4435872 1.6290572 4.2903428 5.7315950 1.5619993 11.9332294 -0.0292336 0.8215322 
Car -1.0000000 -1 0.3907491 294.9782410 179.6654816 463.2291260 239.8695984 1.5942293 2.0738666 4.1983809 -6.3844700 1.7207354 19.8326321 0.0793078 0.7535115 
Car -1.0000000 -1 -1.6885236 646.8740845 180.4213409 699.7491455 223.7275391 1.4925138 1.6198827 3.8417811 2.1574845 1.7352042 26.2607632 -1.6065515 0.8888330 
Car -1.0000000 -1 3.8862223 -390.0900574 170.7875214 182.8131714 380.9625244 1.7226864 1.5790819 4.1086702 -6.4779010 1.7108402 6.6961598 3.1173900 0.6845948 
Car -1.0000000 -1 10.0175466 -74.3708344 191.3621521 279.6426086 317.6240540 1.5399147 1.6681346 4.0616875 -6.3133740 1.6887378 9.3729630 9.4247780 0.5158875 
Car -1.0000000 -1 9.9211756 59.3615494 191.4411469 352.3761292 286.5745850 1.4374291 1.6704959 4.1118617 -6.3978815 1.7118016 11.8121805 9.4247780 0.6590572 
Car -1.0000000 -1 3.1834350 456.4042969 175.0833282 525.7066650 209.6074982 1.5317895 1.3659970 3.6495321 -5.8699288 1.7865865 35.4041824 3.0191320 0.3719682 
Car -1.0000000 -1 1.7402696 548.9907227 174.4948425 578.1845703 198.6948395 1.5080695 1.6516136 3.9322758 -3.2694831 1.5730309 47.3341217 1.6713067 0.5217802 
Car -1.0000000 -1 9.7479463 175.0253906 194.8140869 362.4992371 260.2586975 1.5388045 1.7675276 4.5140715 -6.5261054 1.7145203 19.4861813 9.4247780 0.5498419 
Car -1.0000000 -1 3.1864628 429.8930054 177.4478455 507.0069885 216.3370819 1.4551159 1.4987707 3.6181049 -5.8144250 1.7912114 33.3269501 3.0137351 0.5259989 
Car -1.0000000 -1 2.9791004 493.4213257 176.2486267 542.9455566 200.3807526 1.5104449 1.4359413 3.9575276 -4.4986734 1.5442355 46.3063583 2.8822541 0.2716652 
