Car -1.0000000 -1 -1.8007229 710.8805542 182.0927582 900.2690430 306.5328369 1.4830788 1.7291552 3.8030610 2.6943579 1.6601065 10.8771715 -1.5579029 0.8670648 
Car -1.0000000 -1 -0.5875736 804.0457153 183.7266541 992.6417847 257.4598999 1.5130919 1.7572949 3.9976296 6.2575583 1.6507281 16.2525043 -0.2200463 0.6201865 
Car -1.0000000 -1 -2.8708893 385.4508057 174.2921448 503.6776428 218.9419098 1.4717667 1.7565566 4.2391925 -6.1551571 1.5153766 23.3488159 -3.1286428 0.6310208 
Car -1.0000000 -1 0.5229593 150.3864441 176.1366730 405.1047668 266.7109985 1.6484563 2.0965269 4.2906113 -5.6224942 1.5378895 12.8421984 0.1102854 0.6001725 
Car -1.0000000 -1 3.7365200 -47.1613693 169.9510803 255.4499512 299.9061584 1.6070665 1.7546266 3.9020472 -7.2001109 1.6476330 9.5857840 3.0923000 0.5342344 
Car -1.0000000 -1 -2.8572475 423.7641602 171.5330505 525.9989624 214.2789001 1.6322293 1.6888176 4.0284605 -5.6076078 1.6031055 30.0398560 -3.0417957 0.5792668 
Car -1.0000000 -1 -1.6691790 633.4439697 176.3024292 658.1241455 196.6119385 1.5719967 1.6656376 3.7972188 2.6737833 1.7117616 54.1271973 -1.6198210 0.7194621 
Car -1.0000000 -1 3.3722704 257.8799744 171.5337677 429.3135071 244.4995117 1.4022125 1.6335491 4.2587099 -6.1435895 1.3444477 21.7853088 3.0974024 0.3958571 
Car -1.0000000 -1 -0.2645952 674.0816650 174.8254852 742.0606689 203.0608521 1.5200143 1.9072080 3.6260073 5.6978154 1.7584573 40.6537971 -0.1253477 0.6051798 
Car -1.0000000 -1 -2.8659307 341.4609680 175.9771881 478.4743347 224.9064331 1.4458894 1.8768736 4.2127681 -6.1094346 1.4574870 22.8828831 -3.1268322 0.6093297 
Car -1.0000000 -1 0.1955002 475.6816406 171.4807434 552.4521484 199.5738068 1.5939145 1.5885700 3.9055524 -6.1430516 1.5905014 41.2474518 0.0476552 0.3719185 
