Car -1.0000000 -1 3.4810479 219.3284912 174.4186249 414.8553162 261.7779846 1.7802567 1.6906587 4.2440562 -6.6166668 1.9136612 17.2876396 3.1155090 0.7037356 
Car -1.0000000 -1 3.5750438 104.7298813 190.3030701 357.3572998 281.8775330 1.6012331 1.8112636 3.9148073 -6.5176258 1.8135953 12.3616495 3.0898380 0.5465513 
Car -1.0000000 -1 3.6251811 -25.4544621 197.6070251 314.8913574 311.5892944 1.5670575 1.6075623 4.1986151 -6.5321693 1.8964512 10.6557865 3.0752459 0.4444143 
Car -1.0000000 -1 -0.7578675 958.0193481 183.0985870 1471.3912354 351.8916626 1.6244736 1.6250336 4.1843295 6.0541024 1.7714894 7.9463329 -0.1068104 0.5496157 
Car -1.0000000 -1 3.8350122 -271.1651611 189.2967224 163.9879608 365.1667175 1.5963973 1.5860358 3.5542085 -6.7679772 1.8063644 8.1169348 3.1399930 0.5915165 
Car -1.0000000 -1 -0.2710797 727.0887451 187.6079254 868.5288696 238.7083130 1.7794360 1.6853834 3.9097011 5.5676813 2.0156612 22.9006214 -0.0325834 0.6054753 
Car -1.0000000 -1 2.7710863 761.1844482 189.5856628 933.2992554 252.7173615 1.6812745 1.7063775 3.8866217 5.4962516 1.9638780 18.8079872 3.0553992 0.5724096 
Car -1.0000000 -1 -0.6488387 889.3157959 195.1028900 1221.4772949 309.0256348 1.5785818 1.5702742 4.0456734 6.2991023 1.8833489 10.6080446 -0.1129873 0.5969926 
Car -1.0000000 -1 -0.4759207 815.9690552 193.7624359 1036.5147705 273.4044495 1.5427551 1.6301119 4.0028114 6.0592666 1.8773700 13.5915213 -0.0565547 0.6496043 
Car -1.0000000 -1 -1.6757115 635.8979492 186.9442749 674.8138428 218.5619659 1.6219158 1.6630859 3.8513360 2.0969942 2.1983166 35.8369217 -1.6172632 0.8482268 
Car -1.0000000 -1 -2.2795247 926.4441528 182.5935516 2195.2072754 904.3848267 1.5427933 1.7095945 3.9897013 2.8055322 1.6586661 2.7576015 -1.4855109 0.6623403 
Car -1.0000000 -1 0.9407065 -623.4127197 189.0502625 109.9090805 452.3178406 1.5498694 1.5960882 4.1835761 -5.8904276 1.7421910 5.3460402 0.1068979 0.5705160 
