Car -1.0000000 -1 -1.8552088 723.4757690 192.2778931 910.7810059 309.8836365 1.5623887 1.6250656 3.4383698 2.8966327 1.7519178 11.0567532 -1.5989883 0.8522956 
Car -1.0000000 -1 -1.7226504 660.3163452 183.3222046 740.0205078 240.5929871 1.5609621 1.7020338 3.9701295 2.4935331 1.8455843 20.4908390 -1.6015557 0.8598870 
Car -1.0000000 -1 -2.5429088 273.4744568 183.4500885 369.9397583 255.2669220 1.6523908 2.0801547 4.1860929 5.4493604 -0.1028080 -10.2487602 0.1099919 0.2662540 
Car -1.0000000 -1 3.8363731 -352.6828613 196.4315033 213.1442108 375.6511841 1.5912935 1.7645221 4.2672939 -6.3913903 1.8085099 6.8164134 3.0831435 0.6450009 
Car -1.0000000 -1 9.9531301 58.2928810 193.8072662 338.5448303 286.6792603 1.4873511 1.8066995 4.3723416 -6.8252249 1.8864710 11.6929226 9.4247780 0.4084597 
Car -1.0000000 -1 3.5502126 154.1517334 192.4852295 393.4951782 271.1901550 1.5495876 1.6551937 4.2538166 -6.5900784 1.8557231 14.0052128 3.1104057 0.5065585 
Car -1.0000000 -1 0.5576090 -37.0091400 193.6421509 287.8450623 318.0311584 1.5619401 1.9021344 4.4397836 -6.5311413 1.8209380 11.3039885 0.0336931 0.4780889 
Car -1.0000000 -1 0.3646535 397.2789001 176.8365631 469.4284668 231.8650360 1.8301208 1.5815428 3.8620796 -6.0401134 1.8748649 28.9389935 0.1588887 0.3895615 
Car -1.0000000 -1 -1.6476576 649.4021606 181.1918182 692.2903442 216.4849396 1.6097887 1.5461828 3.4093785 2.5956497 1.8818011 31.9892616 -1.5666937 0.6755393 
Car -1.0000000 -1 0.3779685 280.0216064 187.8357239 441.2928467 246.1307678 1.6402593 1.6830586 4.0990882 -6.6380005 1.8544618 18.7848721 0.0382951 0.4119412 
Car -1.0000000 -1 -2.8273940 400.4561157 175.2736816 475.1293945 218.9379883 1.6130275 1.6725603 4.0495520 -5.8198223 1.8218910 33.9139786 -2.9973440 0.3973208 
Car -1.0000000 -1 0.3378785 343.6774292 182.5335541 490.1658936 233.1446381 1.6749377 1.7539266 3.9526005 -5.8813119 1.9271197 24.3818455 0.1011833 0.6968897 
