Car -1.0000000 -1 -1.7991884 746.5285034 181.5441284 896.6494141 285.2356262 1.5775470 1.6649652 3.9550138 3.5506024 1.7373832 12.8679800 -1.5299621 0.8138610 
Car -1.0000000 -1 -1.7360602 715.3768311 178.9803314 803.1066895 246.9825897 1.6504045 1.6739317 3.7259350 3.8033636 1.7933582 18.3839817 -1.5320536 0.8168502 
Car -1.0000000 -1 -1.9759613 806.6100464 187.2348480 1155.4997559 380.6782532 1.5988858 1.7459413 4.2035270 3.4635575 1.6895819 7.7869096 -1.5574465 0.8682165 
Car -1.0000000 -1 1.9487871 232.5535583 191.5004578 415.0397034 294.3441772 1.4704665 1.6570404 4.4231920 -4.8961997 1.8197802 12.8767567 1.5854343 0.8659147 
Car -1.0000000 -1 2.1275468 -120.2145157 195.1530304 307.1247864 410.1546936 1.5671597 1.6922803 4.1170697 -4.8050175 1.8156898 7.4524441 1.5548660 0.8565296 
Car -1.0000000 -1 1.7617313 466.8241882 179.5466461 522.1990967 221.2363434 1.5232223 1.6388845 3.7452297 -4.5738187 1.8143547 28.8392410 1.6044443 0.8426769 
Car -1.0000000 -1 1.7443897 495.0198669 179.4499664 540.8203125 213.8527374 1.4956843 1.6116865 4.0989070 -4.3301497 1.8153049 33.8411903 1.6171262 0.7922432 
Car -1.0000000 -1 -1.7210559 695.6085815 179.5063629 759.0416260 229.2668304 1.5691504 1.6655101 3.7033269 4.0437431 1.7701619 24.0749168 -1.5546442 0.7954638 
Car -1.0000000 -1 -2.2533747 1015.0325317 171.9535065 2848.7687988 1193.7021484 1.5292900 1.6089650 3.6666038 3.4830906 1.6598146 2.8201292 -1.3631836 0.6048078 
Car -1.0000000 -1 0.9076274 1175.0443115 171.8358154 1374.6140137 233.0296631 1.5312773 1.6913463 4.1672497 19.6216602 1.6547633 20.8608627 1.6624243 0.4066127 
