Car -1.0000000 -1 3.4614244 242.3776855 190.3390350 435.2810974 257.8959656 1.5260448 1.7916265 4.1918201 -6.4589405 1.9362868 17.6047134 3.1097854 0.7389730 
Car -1.0000000 -1 3.6980920 -33.9423409 196.5837402 303.7430725 312.3634644 1.5698934 1.6984020 3.9417078 -6.7742133 1.8710258 10.4115419 3.1212637 0.6382243 
Car -1.0000000 -1 3.3341270 313.9066467 189.6241455 451.8575745 243.9141846 1.6169325 1.6759557 4.1696553 -6.3489499 2.0081673 22.9290257 3.0639992 0.5562260 
Car -1.0000000 -1 -1.7322413 669.8645020 187.6447449 745.8204346 241.2764893 1.4820229 1.7426926 3.7181323 2.8340271 1.8946841 21.7053299 -1.6024076 0.8660622 
Car -1.0000000 -1 9.9308545 101.2925568 195.8100281 350.9857178 283.6225586 1.5810699 1.6559656 4.0333500 -7.0194254 1.9218965 12.6654367 9.4247780 0.6390547 
Car -1.0000000 -1 -2.4216428 967.6221313 192.6107025 1378.9322510 334.0240479 1.4686364 1.6417243 4.2054558 6.8862786 1.7621276 9.0689335 -1.7721996 0.6935626 
Car -1.0000000 -1 -1.7010746 645.6686401 185.5687408 691.6687622 222.1903381 1.6457897 1.7069950 3.8747246 2.3851216 2.1033154 31.1914024 -1.6247559 0.8122915 
Car -1.0000000 -1 3.2481592 447.7372742 179.6151581 519.8286133 221.3403778 1.6945270 1.6925344 4.0571380 -5.9271789 2.1261489 34.4021072 3.0775431 0.5012130 
Car -1.0000000 -1 3.3590494 355.8656616 182.1828766 471.6806946 236.5701141 1.6310371 1.7927537 4.2059255 -6.4697652 2.0732448 23.5945988 3.0914221 0.6768205 
Car -1.0000000 -1 0.1994889 407.7919922 186.0726013 503.4665222 223.5169067 1.5678182 1.7708758 4.0718980 -6.5614147 2.0038307 29.9698887 -0.0160440 0.3772106 
