Car -1.0000000 -1 -1.9124998 754.3391113 154.4308167 1094.0289307 374.7623291 1.6994500 1.7560078 4.2605543 2.7727714 1.5198227 7.7896209 -1.5705278 0.8899106 
Car -1.0000000 -1 3.6105102 83.7063599 164.2741547 366.5919189 277.0422974 1.8065963 1.8246896 4.2002211 -6.4239607 1.6301812 12.2949677 3.1290352 0.5128207 
Car -1.0000000 -1 -1.7147736 679.9205322 171.4317169 768.0756226 238.6015625 1.5844558 1.6322596 3.7031968 2.8465359 1.5336821 18.8041439 -1.5645361 0.8386925 
Car -1.0000000 -1 3.8287628 -271.8537903 193.2366486 237.9201202 351.3738403 1.5015509 1.5414070 4.2208862 -6.3135033 1.6730005 7.4770541 3.1275383 0.6001627 
Car -1.0000000 -1 3.7155379 -36.4294319 177.1634064 297.8760071 294.7070312 1.5713257 1.5756351 3.9199803 -6.5834446 1.6393327 9.8371887 3.1257555 0.5141377 
Car -1.0000000 -1 -1.7814253 709.6085815 176.3563995 846.6441650 272.4082947 1.5224830 1.6168025 3.6092796 2.8569980 1.5584216 13.4244642 -1.5717335 0.7896986 
Car -1.0000000 -1 2.5173991 316.0033875 155.9330902 382.4610291 243.1153564 1.6571364 1.7969757 4.3282590 -6.2418900 1.4605620 20.5641212 2.2227042 0.4172416 
Car -1.0000000 -1 0.4482480 182.2645416 167.9430084 439.1753235 258.7004395 1.8514764 2.0357022 4.4087524 -6.0973263 1.5589657 14.3653708 0.0468466 0.6375202 
Car -1.0000000 -1 0.3113262 391.0881348 169.7198792 506.9974060 210.4328918 1.5410240 1.7307156 4.0296464 -6.2872262 1.3083942 28.0863380 0.0911032 0.5960869 
Car -1.0000000 -1 -0.4868895 336.2814026 165.3947449 447.5776062 227.8395691 1.4604666 2.3986478 3.6483426 0.3174326 1.4356475 2.5817580 -0.3645514 0.2094207 
Car -1.0000000 -1 -1.6514988 654.2437134 170.3618927 698.9483032 207.7955475 1.5166044 1.5613072 3.6869137 2.7129412 1.3762717 30.9123363 -1.5639607 0.8127753 
Car -1.0000000 -1 -1.6344222 638.7177734 166.4791565 676.3338013 198.1893616 1.6577398 1.7184465 3.6986487 2.5325158 1.2492898 40.0558052 -1.5712816 0.6590235 
Car -1.0000000 -1 3.2114945 451.9412231 159.9694977 501.5698242 203.6171112 1.7058879 2.9694042 2.8722568 -6.6593800 1.4684513 28.6109467 2.9828098 0.4098675 
