Car -1.0000000 -1 -1.7305055 676.2991943 183.3498840 793.6956787 264.7586975 1.4750737 1.6837655 3.9563458 2.4325278 1.7202836 15.4175034 -1.5740185 0.8832240 
Car -1.0000000 -1 3.7097388 -82.8872757 195.9355621 304.5112305 319.6042175 1.5142881 1.8990321 4.0826726 -6.4634857 1.8247753 9.9403410 3.1332035 0.6321628 
Car -1.0000000 -1 0.3877953 251.1938782 186.3447876 429.2625427 254.7659760 1.4721098 1.7635194 3.9527400 -6.6374769 1.7646520 16.9208813 0.0139744 0.6692176 
Car -1.0000000 -1 -1.6724322 646.2137451 177.4897156 694.3985596 217.9351501 1.6854050 1.6810720 3.9886239 2.5158608 1.8137183 30.4979267 -1.5901257 0.7957218 
Car -1.0000000 -1 3.5170838 110.3068619 194.2238312 390.1240845 285.5436096 1.4887649 1.8449650 4.1402535 -6.1247568 1.8094337 12.5109606 3.0618300 0.6884333 
Car -1.0000000 -1 0.0410134 483.3952026 180.1623993 545.2519531 207.4055939 1.5713624 1.6636266 3.6065030 -5.8969698 2.0668485 42.1698036 -0.0979244 0.5230876 
Car -1.0000000 -1 -2.8900822 415.8477173 181.3047791 505.4620972 222.0596771 1.4901891 1.6869518 3.9000599 -6.3166971 1.9823098 28.7207470 -3.1065705 0.5209726 
Car -1.0000000 -1 3.4444199 229.4619598 190.6621399 390.8899536 263.2648926 1.4596133 1.7516894 3.9599085 -6.7766032 1.7889678 17.0138493 3.0653806 0.5769966 
Car -1.0000000 -1 -2.8955450 388.1746826 183.0983887 495.7760010 229.0438080 1.5066200 1.7038896 3.8868010 -6.2635388 1.9560364 28.5839844 -3.1112630 0.5316123 
Car -1.0000000 -1 9.6136194 449.5386353 182.1079559 518.0319824 213.1271362 1.5441692 1.5867792 3.7045386 -6.7416358 2.0282619 35.2745934 9.4247780 0.3367277 
Car -1.0000000 -1 9.5700253 480.3898621 180.2758026 517.5490112 211.8708801 1.6491920 1.3482195 3.8272815 -6.1382027 2.1210709 41.9627533 9.4247780 0.5120511 
