Car -1.0000000 -1 -1.7787198 696.8353882 186.8603058 821.6577759 271.2478027 1.5591546 1.6919154 3.4777613 2.8372424 1.7578456 14.7070389 -1.5881437 0.8390443 
Car -1.0000000 -1 3.6783849 -21.2089443 190.1482391 331.8118286 306.1370239 1.5517156 1.8623207 4.3982773 -6.5826950 1.8460112 10.6374578 3.1242404 0.6756877 
Car -1.0000000 -1 -1.7204037 653.3988037 182.0078583 715.4288940 229.2834625 1.5463387 1.6749756 4.1824026 2.4003208 1.8205674 24.1035919 -1.6211474 0.8561633 
Car -1.0000000 -1 -2.7490812 175.5709534 189.1779175 393.8325195 267.4398193 1.5026989 1.8175715 3.9144986 -6.6352086 1.8123378 16.0523090 -3.1410422 0.3655772 
Car -1.0000000 -1 3.4325550 243.2932434 188.9172974 437.2796631 252.1484985 1.5816864 1.6191851 4.2046185 -6.6474247 1.8529744 17.5433083 3.0703564 0.6311477 
Car -1.0000000 -1 1.4490918 426.3609009 176.2993927 479.8672791 225.2401886 1.7499789 1.5753834 4.2313833 -5.8018298 1.8555462 28.1445618 1.2457957 0.3854087 
Car -1.0000000 -1 0.3408668 327.2900696 187.5779419 462.9057007 236.5343323 1.6061677 1.7544473 3.9541960 -6.6608572 1.8395491 22.1835651 0.0491706 0.5435617 
Car -1.0000000 -1 4.0069769 -707.6215210 189.0043945 64.9344711 439.8017273 1.4681416 1.7293184 4.1673503 -7.2763591 1.7134070 5.9680057 3.1231125 0.4544236 
Car -1.0000000 -1 0.3618354 371.1668396 183.0261230 486.9986572 227.4017029 1.5287474 1.7320029 3.8518775 -6.0371380 1.8084055 27.1610298 0.1431189 0.4339783 
Car -1.0000000 -1 3.3468465 314.0197449 183.8990784 437.0658875 240.6778564 1.5855423 1.6352793 4.1105666 -6.7773123 1.8752438 22.1828060 3.0503323 0.5512756 
Car -1.0000000 -1 -2.6404389 129.5301971 192.0806427 361.5847778 279.8372803 1.5361946 1.7611414 3.9839575 -6.6856012 1.8541739 13.5607185 -3.0984807 0.4934849 
