Car -1.0000000 -1 -1.9003720 761.2471313 173.1377258 1059.6146240 367.2688293 1.6889067 1.6673374 3.6151619 2.8044791 1.6526058 7.7138638 -1.5516654 0.8525274 
Car -1.0000000 -1 -2.7235376 377.4229431 178.5706329 489.7062683 227.9829865 1.6235029 2.4095099 4.2119565 4.2409272 1.0235373 -12.7759905 0.0975545 0.2570569 
Car -1.0000000 -1 0.6543013 84.0877075 159.4957275 161.6453094 324.0226746 1.5213602 1.5821006 4.3222017 -6.1752348 1.7325805 8.9230986 0.0489305 0.5773513 
Car -1.0000000 -1 3.3669464 273.9368286 177.2439117 412.1295166 254.0528717 1.5742315 1.8337860 4.4748888 -5.8099790 1.8166912 19.2444687 3.0737439 0.4996737 
Car -1.0000000 -1 -1.6732180 674.8725586 181.8881073 745.3641968 236.9397125 1.4868796 1.6061983 3.9279180 2.8306975 1.7301066 21.3309269 -1.5412849 0.7444529 
Car -1.0000000 -1 3.3810368 298.7819824 177.9537048 477.0639954 241.9967804 1.6048843 1.7209347 4.5193505 -5.8745275 1.8501546 19.4946613 3.0883508 0.5337608 
Car -1.0000000 -1 3.2767036 437.6891479 175.5279388 486.8674622 217.5828705 1.6962280 3.2050397 2.5512147 -6.0771441 1.8461169 31.0575848 3.0834716 0.3647086 
Car -1.0000000 -1 -2.6355265 101.9333420 173.6591339 360.8260193 277.8705444 1.6500800 1.6544911 4.1561165 -6.9374309 1.7762197 13.4967175 -3.1103182 0.2901727 
Car -1.0000000 -1 0.8227418 -437.1911621 173.2742462 222.6037598 410.6470642 1.5157831 1.7801063 4.1920037 -5.8208003 1.6289445 6.5773406 0.0982885 0.6558690 
Car -1.0000000 -1 -0.3536236 717.8299561 175.4501038 837.9512939 219.3024445 1.4914939 1.5523906 3.8988369 5.9236002 1.7007971 26.2774410 -0.1319043 0.6234068 
Car -1.0000000 -1 -1.6602113 629.8091431 177.5713654 657.3048706 199.9017792 1.5965412 1.6047219 3.8578136 2.4926178 1.8508202 51.6832542 -1.6120199 0.7067913 
Car -1.0000000 -1 3.2668814 474.5309143 177.2989655 524.0046387 209.3839417 1.5902379 1.7995856 4.1110005 -6.1357880 1.8356512 37.6477432 3.1053229 0.3411290 
