Car -1.0000000 -1 0.6779477 -254.9414368 191.1429596 250.3826752 347.2053223 1.6070622 1.6870480 4.0928216 -6.4066935 1.6959469 8.1654673 0.0126626 0.7110379 
Car -1.0000000 -1 -1.8255121 730.9959717 191.9767609 946.6850586 327.6560974 1.5473074 1.6972353 3.8757195 2.7396343 1.7470050 9.8015985 -1.5529588 0.9033555 
Car -1.0000000 -1 3.5770751 102.3441925 168.3376160 390.5932312 281.3826599 1.9036304 1.7594280 3.9688015 -6.2881913 1.8127022 12.9622717 3.1254063 0.7128459 
Car -1.0000000 -1 -1.6844206 664.0045166 178.1076050 745.9587402 242.9976349 1.6218501 1.7110921 3.9354868 2.5459576 1.7861420 20.5597515 -1.5612156 0.8700940 
Car -1.0000000 -1 3.3794327 305.9854126 185.3210754 465.9398804 240.5063934 1.4861062 1.6247227 4.1023173 -6.3829718 1.8584236 20.7284889 3.0807145 0.6826427 
Car -1.0000000 -1 -1.6669936 652.0049438 180.0294342 711.2420654 228.0744171 1.5175009 1.6422881 3.6495519 2.5994191 1.8384011 26.0958652 -1.5677108 0.7195153 
Car -1.0000000 -1 -2.8571219 439.4221191 182.5311890 482.6348572 220.1872864 1.6288297 2.4879498 3.2058191 -5.9441900 1.9988869 32.2047234 -3.0396428 0.3152000 
Car -1.0000000 -1 -2.9561077 451.7658691 177.0347443 513.5107422 216.3810272 1.7156042 1.7619971 3.8249130 -5.9769974 1.9896737 36.1649017 -3.1198978 0.4092228 
Car -1.0000000 -1 -1.6283384 642.2639160 178.3747253 688.8510742 216.6529236 1.5919129 1.6551276 3.6565571 2.3647971 1.8158724 34.3199158 -1.5595427 0.6250143 
Car -1.0000000 -1 -1.6265677 632.5049438 180.5584564 662.0449219 205.5727081 1.6405851 1.6926240 3.6519060 2.3093238 1.9123340 46.9722443 -1.5774437 0.5555625 
Car -1.0000000 -1 0.3887713 237.7382507 173.2057343 410.7200623 260.4822388 1.6429660 1.6193240 4.1181030 -6.3924365 1.8695111 17.6999130 0.0421924 0.5711121 
