Car -1.0000000 -1 2.0371824 49.1569672 193.2825165 354.4072876 357.8521423 1.5103905 1.6741476 4.0474997 -4.7527218 1.8150455 9.0888834 1.5553706 0.8706737 
Car -1.0000000 -1 -1.9322368 800.5839233 181.0269470 1029.5025635 324.0430603 1.5704577 1.6454601 3.7000327 3.7393291 1.6286861 9.7495594 -1.5660017 0.8662227 
Car -1.0000000 -1 -1.8083002 733.2850952 178.1005707 855.6666870 263.1387329 1.5743260 1.6404341 3.8265948 3.6794376 1.6989088 15.0601740 -1.5686785 0.8474553 
Car -1.0000000 -1 1.8817112 305.9394836 187.8119812 443.0910034 274.7891541 1.4996877 1.7291864 4.0550656 -4.6761041 1.8048702 14.7516346 1.5747421 0.8450634 
Car -1.0000000 -1 1.8520858 393.9353027 184.2218018 487.1490784 243.1611023 1.4132825 1.6308602 4.0189910 -4.6028671 1.7377512 19.9265785 1.6250761 0.8670912 
Car -1.0000000 -1 -1.7057158 706.9336548 176.1478882 782.1445312 235.1970520 1.5074114 1.6667975 3.8080423 3.9279895 1.6703045 20.9555225 -1.5204219 0.7821589 
Car -1.0000000 -1 -2.3124929 954.6197510 183.8142090 2208.7097168 820.5404053 1.6197653 1.8009022 4.1225681 3.8300247 1.6898499 4.1311231 -1.5648977 0.8287624 
Car -1.0000000 -1 1.7295400 505.8305969 177.6980286 548.4317017 210.8394470 1.4627494 1.6545501 4.0039010 -4.1064968 1.7872777 36.2178879 1.6166390 0.8461954 
Car -1.0000000 -1 -1.6970168 690.8338013 175.6486664 741.8937988 217.3308105 1.5731897 1.7429961 3.7437315 4.3447032 1.7030206 31.0391846 -1.5579456 0.6106719 
Car -1.0000000 -1 -1.6998489 697.9621582 176.4369049 757.1674194 223.9131927 1.6094857 1.6765915 3.5912540 4.1595778 1.6588075 25.8255291 -1.5401558 0.7050145 
Car -1.0000000 -1 -1.7020856 685.2582397 174.6204529 731.6674194 212.3823547 1.5462919 1.6625597 3.5742345 4.3473949 1.7185776 31.6593647 -1.5656213 0.7117339 
Car -1.0000000 -1 1.6945599 523.8834229 175.8234406 561.3688354 205.1236420 1.4436357 1.6264081 4.3224301 -3.7692163 1.7481997 41.6893158 1.6043930 0.6223309 
