Car -1.0000000 -1 -2.0535311 816.4979248 183.7448425 1006.3270874 256.3289490 1.4345746 1.8246948 4.0213256 6.5564547 1.6948590 15.8442068 -1.6611785 0.7721810 
Car -1.0000000 -1 3.7498833 -116.8960648 208.1618195 264.4318848 334.2358704 1.6547668 1.5662501 3.8924248 -6.7460256 1.9794886 9.0738144 3.1105804 0.6409751 
Car -1.0000000 -1 9.7077378 323.8742676 191.3054199 471.2961426 241.1313477 1.5837526 1.6388128 4.1339464 -6.8954077 2.1636696 23.7149830 9.4247780 0.6826435 
Car -1.0000000 -1 -1.6944363 643.6400146 186.6021118 697.4716187 227.0628662 1.5718217 1.7308348 3.5477159 2.3228743 1.9992945 28.4309769 -1.6129152 0.8321074 
Car -1.0000000 -1 0.2901795 449.9071045 185.4900665 526.9235229 217.4132538 1.6476122 1.7790438 4.0065522 -6.7404108 2.1901798 39.7738304 0.1223060 0.5132817 
Car -1.0000000 -1 3.8693073 -376.6639099 196.3162842 143.8917847 387.3724670 1.6473975 1.5858727 3.5942547 -6.8132453 1.8662623 7.1619072 3.1088526 0.6145800 
Car -1.0000000 -1 9.6643481 386.8466187 189.3652954 486.8666077 228.7172089 1.5860318 1.6031559 4.3830600 -6.9028602 2.1607575 28.2601585 9.4247780 0.5686309 
Car -1.0000000 -1 -1.6872129 624.9793091 185.1876984 662.1552124 215.7808990 1.6356206 1.6912466 3.8467300 1.7865633 2.1940377 37.5188942 -1.6396312 0.7101367 
Car -1.0000000 -1 3.4397399 241.6701660 193.3726654 422.1496887 255.8874359 1.5074342 1.5407602 4.0740948 -7.0170646 2.0922651 18.1702156 3.0711994 0.5163912 
Car -1.0000000 -1 -1.0267664 432.9395752 187.2016907 470.4991150 226.7595215 1.6123413 1.8008471 3.8580542 -6.5658846 2.1681209 23.8657341 -1.2952420 0.4586950 
