Car -1.0000000 -1 -2.0444413 813.3125000 210.3182526 1331.8730469 505.1679077 1.4121464 1.6347125 3.9584310 2.7960024 1.6704315 5.5375800 -1.5768701 0.8479393 
Car -1.0000000 -1 -1.7642459 713.3229980 188.4563904 827.3541260 269.0834351 1.4244341 1.6206775 3.9365275 3.0704944 1.7207358 14.6584883 -1.5577626 0.8540482 
Car -1.0000000 -1 3.6902739 -57.6181374 168.9681549 254.2538605 313.6530151 1.7178993 1.8375444 3.5691319 -6.6937494 1.7044041 9.3872175 3.0708295 0.5661588 
Car -1.0000000 -1 3.2839272 312.9242249 176.4963684 473.1445007 238.3221893 1.6137851 1.7157538 3.7790515 -5.7557368 1.6826447 20.2442684 3.0069223 0.6196192 
Car -1.0000000 -1 1.6885324 535.4582520 178.9397583 580.3461304 217.2549744 1.5671707 1.6368560 3.6129756 -2.1117730 1.7085837 29.6432838 1.6174130 0.8253376 
Car -1.0000000 -1 0.4808309 122.9200516 177.8812256 415.6601562 281.6645813 1.5862490 1.9900790 4.0970383 -5.5514436 1.6413068 11.8515940 0.0427704 0.7363472 
Car -1.0000000 -1 -1.6973522 657.8220215 176.2205505 703.9848022 212.8768921 1.5908327 1.7367755 3.9525776 3.1439686 1.7254405 32.7634239 -1.6016854 0.8605929 
Car -1.0000000 -1 0.4567094 246.2420807 177.2888031 442.2698975 256.9113770 1.5534936 1.6168336 4.0324941 -5.6872807 1.6482904 12.7651424 0.0375772 0.5851689 
Car -1.0000000 -1 1.8155740 453.4000244 177.4154968 529.0697632 209.4950867 1.5769851 1.7874309 4.3305993 -5.5623693 1.7987597 36.1142349 1.6627533 0.6247252 
Car -1.0000000 -1 0.4788807 215.0880890 179.0372314 449.1174622 262.9421387 1.5810623 1.7410035 4.1367769 -5.5659814 1.6630478 12.0923901 0.0475043 0.7011493 
