Car -1.0000000 -1 0.5975974 0.2574579 184.0911102 317.8504639 303.8939514 1.5135556 2.1093740 4.3509188 -6.1209450 1.6477296 9.8142548 0.0399485 0.5799921 
Car -1.0000000 -1 -1.7826128 697.5293579 171.0743561 865.7860718 286.4891357 1.6589075 1.7741901 4.1530442 2.7188296 1.6634902 12.6608496 -1.5710822 0.8334615 
Car -1.0000000 -1 3.4582766 231.5330353 170.5245361 429.6553650 253.9634399 1.7806176 1.7657164 3.8246300 -6.4840808 1.6389279 16.7991886 3.0899182 0.6024252 
Car -1.0000000 -1 0.4657881 288.4556580 172.0347595 479.6163330 240.4668121 1.8293387 1.8268374 3.8880167 -6.2727771 1.6471436 17.2167645 0.1163947 0.6037716 
Car -1.0000000 -1 3.8357502 -237.7011566 189.6383362 215.4503937 351.5291748 1.5564258 1.5675220 4.0030861 -6.5162878 1.6828514 7.4986329 3.1203304 0.7401638 
Car -1.0000000 -1 -1.7034740 662.2219238 178.4848022 731.1231079 231.0170441 1.6166476 1.7040470 3.8487062 2.7346387 1.8280115 21.7971859 -1.5786678 0.6138373 
Car -1.0000000 -1 0.2557188 422.4300232 175.7550659 506.5320740 210.3226013 1.6809700 1.7868650 3.7613275 -6.4217658 1.6653109 26.0560894 0.0140754 0.4162004 
Car -1.0000000 -1 3.5842238 90.0430374 184.4189758 371.2635193 277.3490295 1.4996620 1.7196742 3.9787574 -6.3571734 1.6869313 12.7566147 3.1219025 0.5135678 
Car -1.0000000 -1 3.3398875 377.8989868 165.2069092 435.7099609 234.9402008 1.6011416 1.6984322 3.7312565 -6.4749808 1.6366088 25.3614235 3.0899191 0.3358593 
Car -1.0000000 -1 -1.6591795 643.0007324 176.6098633 684.0765381 209.8784485 1.5352331 1.6353823 3.5680749 2.4582660 1.6835561 36.3310280 -1.5916195 0.6685848 
Car -1.0000000 -1 3.2930155 402.4288635 173.0871887 462.1570129 219.6021118 1.6549582 2.9287894 2.9032645 -6.5412321 1.8232527 27.3184013 3.0579961 0.2901358 
Car -1.0000000 -1 -1.6731966 669.7155762 178.7320709 762.6763306 240.8445435 1.6042316 1.7042938 3.7132642 2.7738214 1.7495888 20.2319279 -1.5369449 0.6851951 
Car -1.0000000 -1 3.5843242 157.6366882 181.3352051 392.0334778 266.6478271 1.4476633 1.7768613 4.0137920 -6.2942567 1.6360564 12.5278940 3.1187429 0.4681452 
Car -1.0000000 -1 3.3023424 459.5822754 169.5123444 507.5915833 208.9458313 1.5934660 3.1495388 2.5694768 -6.7866316 1.8564501 33.7045670 3.1036429 0.3084664 
Car -1.0000000 -1 -1.6750718 631.0534058 174.8233643 663.2396240 202.5799713 1.6433829 1.7216543 3.8471720 2.1406786 1.7129024 44.7086563 -1.6272277 0.6071184 
