Car -1.0000000 -1 3.4703539 307.5794067 166.8329315 424.6586609 242.9702454 1.6890130 2.9590321 2.9708059 -6.1850996 1.6554760 15.9714918 3.1008794 0.3897480 
Car -1.0000000 -1 -2.0272123 807.6142578 189.7290955 1272.5195312 500.9586182 1.6587700 1.8025103 3.9793627 2.9014015 1.6809399 5.7525597 -1.5600772 0.8137843 
Car -1.0000000 -1 2.0248544 -56.2885933 161.4123077 135.4052277 337.4905701 1.7028309 1.8817911 4.1575060 -6.5584497 1.7300158 9.6170988 1.4263406 0.3263166 
Car -1.0000000 -1 -0.5103302 879.2025757 177.2636871 1223.2832031 293.7717896 1.5913149 1.7138004 4.5391049 6.0144243 1.6478463 11.1907444 -0.0171762 0.4214222 
Car -1.0000000 -1 3.5346960 120.9934082 182.5183868 382.4636230 267.4681396 1.5865369 1.7171692 4.0027208 -6.5197134 1.5826222 13.0976324 3.0728276 0.4747182 
Car -1.0000000 -1 -1.6528913 636.5177002 178.4460297 672.6798096 207.9864197 1.6073910 1.7189041 4.0592608 2.2862396 1.7885433 38.9671097 -1.5942875 0.8436023 
Car -1.0000000 -1 3.4002546 216.6069794 179.7595978 403.5284424 247.2814636 1.5411544 1.7935838 3.7742944 -6.3577905 1.5095056 15.9946709 3.0219102 0.5288463 
Car -1.0000000 -1 -0.3172866 718.6123047 178.4652710 843.8643799 224.3820953 1.6948643 1.7007751 3.9763904 5.6423473 1.7203745 25.2925034 -0.0977968 0.5585815 
Car -1.0000000 -1 -0.4757270 789.3695679 182.0835419 979.9804077 249.7144775 1.5179442 1.5975741 3.9531565 6.1144571 1.6697040 16.2286053 -0.1154051 0.6037323 
Car -1.0000000 -1 -0.5652529 822.8465576 184.5747681 1050.8815918 264.6696472 1.5123004 1.6459782 3.8386040 6.1337810 1.6948904 13.9407616 -0.1507553 0.4320332 
Car -1.0000000 -1 -0.2888856 757.4776611 180.6186829 900.6324463 235.2417908 1.6252446 1.5968009 3.7948511 5.5216417 1.7566228 22.4192562 -0.0474016 0.5451129 
