Car -1.0000000 -1 -2.1388905 885.1930542 182.1498718 1380.4093018 468.3320312 1.6183381 1.7321053 3.8490982 3.9096808 1.7215781 6.3935747 -1.5900569 0.8415219 
Car -1.0000000 -1 -1.8669885 780.5979004 185.9855194 955.5928345 302.0697327 1.5396702 1.6088046 3.7700431 3.8259981 1.7174096 11.5347395 -1.5467145 0.8204270 
Car -1.0000000 -1 1.8512860 344.6581421 185.6114655 465.2781982 264.0171204 1.5585229 1.7286544 3.9689927 -4.5706763 1.8738467 16.5274982 1.5814795 0.8801422 
Car -1.0000000 -1 -1.7843891 734.1464844 179.4114838 832.9517822 254.8553467 1.5484834 1.6616098 3.8921885 4.0018067 1.7405535 17.3480625 -1.5576774 0.8570824 
Car -1.0000000 -1 -1.7546837 705.1572876 179.4281158 773.0691528 232.0674896 1.5285666 1.6795104 3.8465040 4.0142922 1.7611239 22.7301598 -1.5798798 0.8135486 
Car -1.0000000 -1 1.7919669 427.4888000 184.4662933 506.2127991 239.0721588 1.5511632 1.6279789 3.9212766 -4.3501887 1.8541288 22.2414417 1.5988159 0.8365941 
Car -1.0000000 -1 1.7659090 469.0686951 182.7653198 528.6188965 224.7592468 1.4542902 1.7181122 4.3221874 -4.2973948 1.8498144 27.7316227 1.6121682 0.8159216 
Car -1.0000000 -1 1.7674872 535.0704346 178.7695007 571.0213623 205.8997650 1.5229595 1.8334217 4.4451356 -3.3344145 1.9045817 43.8797150 1.6916431 0.8303228 
Car -1.0000000 -1 -1.7318448 684.6097412 178.1982574 723.9849854 210.1287384 1.5785275 1.5993760 3.7819624 4.5590744 1.8504686 35.9650078 -1.6057532 0.5514248 
Car -1.0000000 -1 -1.7676352 695.3312378 178.1576996 751.3266602 224.1386566 1.5674254 1.6850927 3.9082856 4.2640829 1.7838814 27.6666374 -1.6147149 0.6775819 
