Car -1.0000000 -1 3.7053206 -145.8574066 188.9157104 284.8562012 334.3013306 1.6431491 1.7511398 4.1697521 -6.1442266 1.7803961 8.6330938 3.0867813 0.7022982 
Car -1.0000000 -1 -1.8655647 743.4072266 172.3398743 1009.0814209 358.5870056 1.7568275 1.6711533 3.7840829 2.7003288 1.6913387 8.3323002 -1.5521655 0.8686575 
Car -1.0000000 -1 -1.7589460 696.4760742 180.9431610 820.7127075 270.3164978 1.5450591 1.6289506 3.8410850 2.7579012 1.7050375 14.4091520 -1.5698339 0.8452331 
Car -1.0000000 -1 -1.6687371 663.3506470 173.3387451 730.9639282 230.0838165 1.6429056 1.6511633 3.7748840 2.7214906 1.7121997 23.7441158 -1.5546176 0.8238748 
Car -1.0000000 -1 9.9560746 49.7427750 196.1010590 347.3327942 290.9463501 1.4633350 1.6039551 4.1944332 -6.4988632 1.8035543 11.0588799 9.4247780 0.7244172 
Car -1.0000000 -1 0.7856944 -634.8182373 181.6462860 172.4316864 436.2488403 1.5431519 1.6649407 4.2770958 -6.1433725 1.7136463 6.3490376 0.0167579 0.5485276 
Car -1.0000000 -1 -1.6507830 646.5561523 177.1278687 685.5426025 208.3085632 1.5688888 1.8109328 4.0189095 2.8137217 1.7336754 35.8146400 -1.5723805 0.7515278 
Car -1.0000000 -1 3.1830181 470.1425171 174.5036621 513.5742798 212.0904388 1.7313422 3.2572169 2.6238656 -6.0495000 1.9668859 30.6633854 2.9882322 0.3294947 
Car -1.0000000 -1 2.2973758 463.1430054 172.9961853 489.1275940 214.8183746 1.5447783 1.6501514 4.0387673 -5.9588799 1.8545970 31.8082047 2.1121845 0.3633183 
Car -1.0000000 -1 -2.7428011 375.5507812 171.9088745 491.3578186 222.4375458 1.7041171 1.7940428 4.1209249 -6.2554817 1.7537755 25.7737675 -2.9809043 0.5436859 
