Car -1.0000000 -1 -1.8213293 737.2268066 179.5595093 891.7784424 285.3711243 1.5151510 1.6293977 3.8956094 3.2936687 1.6659590 12.4727068 -1.5631527 0.8581884 
Car -1.0000000 -1 -1.9980585 811.4617920 181.2244415 1211.4587402 399.1542664 1.5474963 1.6830249 3.8286343 3.2493489 1.6429322 6.8417454 -1.5546675 0.8063565 
Car -1.0000000 -1 2.0670087 159.3072662 197.1610718 373.4765320 304.2648926 1.5717154 1.7799448 4.2622814 -5.8145227 1.9322988 12.7064438 1.6378491 0.8717436 
Car -1.0000000 -1 1.9418012 326.0783081 190.0549927 438.8491821 257.0682983 1.5463731 1.6189553 3.8796272 -5.8193083 1.9621085 18.6647758 1.6395721 0.8807175 
Car -1.0000000 -1 -1.7118862 691.3762817 179.7688599 749.6916504 233.5262299 1.5131006 1.6983075 3.7247977 3.5121446 1.8175790 23.1578808 -1.5613723 0.7563466 
Car -1.0000000 -1 2.4266929 -770.1635132 218.3822632 108.5820770 539.6371460 1.5285126 1.7570771 4.4392114 -5.9563799 1.8995125 5.1402450 1.5678788 0.7383712 
Car -1.0000000 -1 1.8799193 432.0363159 184.2800598 500.1763000 227.4127655 1.5187422 1.6291327 4.0835752 -5.6324239 1.9676070 28.0638523 1.6818504 0.8356833 
Car -1.0000000 -1 -1.6909520 670.5846558 180.5156708 724.8645020 221.1133423 1.5037007 1.6153884 3.9472532 3.4536161 1.8252158 29.5699425 -1.5746839 0.7311246 
Car -1.0000000 -1 1.7711599 497.3139954 178.4894409 534.4729614 207.5922546 1.5668101 1.7871898 4.1515293 -5.6798291 2.0188079 43.4892006 1.6412917 0.7446066 
Car -1.0000000 -1 1.8504116 559.6223755 173.4159546 586.3624878 196.8501129 1.5884416 1.8054788 4.2739396 -2.7832885 1.7241234 55.6973381 1.8004814 0.4301390 
Car -1.0000000 -1 -1.6715487 655.1263428 178.6344452 693.5108032 209.3356323 1.5448705 1.7909718 3.8445220 3.3090353 1.8519768 36.6762733 -1.5815696 0.7733939 
