Car -1.0000000 -1 -0.6408651 931.2945557 183.7059937 1403.1152344 336.3773499 1.4783833 1.6185799 3.9706039 5.7519941 1.6154133 7.9796953 -0.0162964 0.8193815 
Car -1.0000000 -1 0.4238232 208.2366943 179.6726074 441.2090454 257.7993469 1.5704168 2.0551629 4.2377048 -6.2856927 1.7205321 16.1108150 0.0518338 0.7152405 
Car -1.0000000 -1 -1.7050856 659.1665039 182.7125092 723.4597778 233.5657349 1.4596937 1.6122768 3.8158016 2.4201524 1.7489026 22.6864243 -1.5988091 0.8611610 
Car -1.0000000 -1 3.7993765 -215.7525787 198.7965851 249.2315826 342.2581787 1.4925417 1.5555304 4.0554399 -6.3717527 1.7676640 8.1031723 3.1330278 0.7304558 
Car -1.0000000 -1 1.8925199 446.3939209 175.0874176 520.8096924 212.9853058 1.6117111 1.7180536 3.9442239 -5.6940217 1.8370230 35.7817116 1.7347109 0.3886025 
Car -1.0000000 -1 0.5413385 402.8114319 179.3087463 516.3645630 221.5213318 1.4266313 1.7290055 3.7607353 -5.9821377 1.6748494 26.2933064 0.3176309 0.3669788 
Car -1.0000000 -1 -1.6777633 648.9706421 179.2026520 690.6813965 215.8007812 1.5222958 1.6488460 3.6267207 2.5434637 1.8072424 32.1347504 -1.5987780 0.7355824 
Car -1.0000000 -1 -2.4305969 -623.8703003 205.1357117 96.9500504 434.3069458 1.4192253 1.8463379 3.8251255 -6.2674561 1.7123799 7.6637149 -3.1161032 0.4371691 
Car -1.0000000 -1 1.6549493 551.9749756 176.6742401 582.7093506 201.3272552 1.4451666 1.6220629 3.9903860 -2.7936063 1.6434658 45.7109833 1.5939107 0.7271664 
Car -1.0000000 -1 2.1108513 497.8271790 176.6016846 545.1225586 200.3976440 1.4120266 1.6738522 4.0091081 -5.2587490 1.6717944 47.3513718 2.0002465 0.3704978 
Car -1.0000000 -1 10.0338188 -48.4505234 198.3713226 279.3095703 309.7840271 1.3821243 1.5435023 4.0915499 -6.7922931 1.7308561 9.7381639 9.4247780 0.5102988 
Car -1.0000000 -1 3.4805363 36.7106705 194.7250824 270.9035645 299.1472778 1.4787620 1.7268891 4.1184068 -6.2923732 1.6508001 12.5575247 3.0160220 0.2843281 
