Car -1.0000000 -1 -2.0755675 842.1839600 185.4644012 1380.0783691 465.4285889 1.5204271 1.6641420 3.7528660 3.2202058 1.6472800 5.7397599 -1.5642917 0.8173027 
Car -1.0000000 -1 -1.8435408 747.1164551 178.3152313 927.2088013 297.0861511 1.6006275 1.6692852 3.9715943 3.2764807 1.6901261 11.2167187 -1.5593411 0.8595907 
Car -1.0000000 -1 2.0984522 107.4267273 198.9877930 354.3963623 318.2331543 1.5408177 1.7338800 4.2123561 -5.7692633 1.8843725 11.5407791 1.6348827 0.8665954 
Car -1.0000000 -1 1.9150551 310.1295776 190.3986206 428.6593018 260.1915894 1.5410802 1.6162615 3.9107130 -5.7867999 1.9382743 17.6775188 1.5986959 0.8862230 
Car -1.0000000 -1 1.8791969 423.2558594 183.8206329 496.0495300 228.6065369 1.5097610 1.6632767 3.9667776 -5.6643715 1.9394920 26.9516983 1.6720443 0.8515296 
Car -1.0000000 -1 1.4510708 696.4608765 179.9015961 760.9928589 235.0817719 1.4941500 1.6612329 3.9025307 3.4302042 1.7560302 21.7202396 1.6077038 0.8046336 
Car -1.0000000 -1 1.7836181 494.6285095 178.4767609 532.8967896 207.7605896 1.5202383 1.7874827 4.2168083 -5.7780085 2.0025566 43.2456551 1.6507957 0.7535958 
Car -1.0000000 -1 -1.6771569 674.9176025 179.6582031 727.8896484 221.8484650 1.5330003 1.6788667 4.0458865 3.5053027 1.8100203 28.6621799 -1.5554640 0.7261411 
Car -1.0000000 -1 -1.6588105 657.3185425 178.3550110 696.2831421 209.5915222 1.5444427 1.7972820 3.8539548 3.3284347 1.8134263 35.6930656 -1.5658278 0.7872692 
Car -1.0000000 -1 1.8639119 550.7917480 174.0363464 586.2467041 196.4440613 1.5900972 1.8721002 4.2701201 -3.1660802 1.6388158 55.5033340 1.8069305 0.4339467 
