Car -1.0000000 -1 1.9128215 273.9871826 188.1267700 430.7241821 284.4326477 1.4963784 1.7026258 3.9957833 -4.7043462 1.7927816 13.7083712 1.5822413 0.8502759 
Car -1.0000000 -1 -1.9568564 817.0319824 181.6027069 1090.3809814 347.4235229 1.5577773 1.6593270 3.7603080 3.6841426 1.6299437 8.6699057 -1.5550412 0.8831334 
Car -1.0000000 -1 1.8695300 378.4204712 185.2558441 478.9187317 248.1602631 1.4489011 1.6301823 3.9688339 -4.6588230 1.7821137 18.8781548 1.6275806 0.8560652 
Car -1.0000000 -1 -1.7174256 710.4011230 176.6524658 791.6414185 241.1687012 1.4927566 1.6513526 3.8682914 3.8272130 1.6738505 19.9909134 -1.5282668 0.8058847 
Car -1.0000000 -1 -1.8341221 739.8416138 178.7106171 878.5654297 271.3505249 1.5638387 1.6501359 4.0929551 3.6537683 1.7016929 13.9822493 -1.5785229 0.8174311 
Car -1.0000000 -1 2.0965151 -49.5870018 194.6194000 329.6040955 389.6115723 1.5379210 1.6782967 4.0425310 -4.7526207 1.8430738 7.9769359 1.5591930 0.8658317 
Car -1.0000000 -1 -2.4421046 975.2546997 171.9095612 2632.6787109 951.8437500 1.5918944 1.7132263 3.9828637 3.7399800 1.6119369 3.0426488 -1.5542550 0.7348915 
Car -1.0000000 -1 -1.7275199 700.6322021 175.8779602 761.9744263 225.9116974 1.6039673 1.6186942 3.6732457 4.0758481 1.7079253 24.9299870 -1.5654619 0.7412506 
Car -1.0000000 -1 1.7368600 500.8481445 177.9185944 544.2268677 212.0146637 1.4863713 1.6168907 3.8789916 -4.1968818 1.8250898 35.2363586 1.6183119 0.8497564 
Car -1.0000000 -1 -1.7002486 691.2748413 176.0142365 740.8956909 217.3602600 1.5670996 1.6970619 3.8006990 4.2260504 1.7353208 29.9869118 -1.5602409 0.6644702 
Car -1.0000000 -1 1.6982203 521.6714478 177.4776917 559.2413330 206.6348877 1.4480304 1.5873744 4.1634779 -3.8384140 1.7765354 40.4477806 1.6036056 0.6554146 
Car -1.0000000 -1 -0.1598559 582.2308350 173.0477295 626.1532593 191.7362823 1.5688194 1.8099967 4.2597351 -0.8609849 1.5984912 67.8287125 -0.1725488 0.4625818 
