Car -1.0000000 -1 1.9919623 86.4368439 196.4194183 407.3547058 392.5599976 1.5774238 1.6228046 3.8149431 -3.5642705 1.8047260 7.8756580 1.5669749 0.8697874 
Car -1.0000000 -1 -1.7767182 706.4700928 175.4571228 851.2706299 275.5007019 1.5406530 1.6271459 3.9110248 2.7160003 1.5929424 12.4711580 -1.5622840 0.8391161 
Car -1.0000000 -1 1.8328267 333.1918030 191.0780487 478.1669617 286.8054504 1.5077559 1.6109791 3.8537469 -3.5936117 1.8397024 13.5533752 1.5736454 0.8425709 
Car -1.0000000 -1 -1.9456581 783.2456055 176.9231873 1147.0134277 410.0275269 1.6232574 1.6676874 3.8376331 2.7578766 1.5786594 6.7038693 -1.5553751 0.8542333 
Car -1.0000000 -1 -1.7425542 688.8760986 171.9313812 775.6038208 238.8331451 1.5746191 1.6422243 3.8001552 3.0054486 1.6053151 18.9586658 -1.5853361 0.6927065 
Car -1.0000000 -1 1.7660487 458.5762024 179.2005005 528.2908936 230.2551575 1.5656059 1.6508816 3.7589116 -3.8250766 1.8060342 23.6232529 1.6055219 0.8319114 
Car -1.0000000 -1 1.7435415 418.0562439 181.6025848 500.5190430 244.8379211 1.6353858 1.6629606 3.7671468 -3.9351647 1.8074515 18.8681412 1.5379276 0.6893865 
Car -1.0000000 -1 -1.6812567 641.9901123 172.7807007 671.9865112 197.8926697 1.6635901 1.7584262 3.8765788 2.7472305 1.4774809 44.3615150 -1.6194074 0.7295262 
Car -1.0000000 -1 -1.7135452 672.5953979 168.3929901 736.2503052 221.0286255 1.6512401 1.7399368 3.8865616 3.1921999 1.6035335 23.9319305 -1.5809413 0.7587297 
Car -1.0000000 -1 -2.5789619 1108.6920166 156.5691833 2495.9423828 1110.7755127 1.5727988 1.7062583 3.7212491 2.9522250 1.5564461 1.8595042 -1.5702559 0.5723662 
