Car -1.0000000 -1 3.7277760 -134.7907257 165.9893494 276.0741882 318.4921570 1.7784152 1.7505660 4.1464596 -6.9475174 1.7463535 9.3653116 3.0895209 0.7376138 
Car -1.0000000 -1 -0.7263633 974.8654785 192.5843353 1361.2176514 332.2337341 1.5442282 1.5502509 4.0601444 6.4639268 1.6303074 8.1930027 -0.0583922 0.5606868 
Car -1.0000000 -1 -0.7895626 1089.5373535 176.2436066 1850.0592041 408.1048279 1.5219500 1.6219224 3.9313715 6.0639248 1.6086887 5.7746520 0.0202655 0.6202784 
Car -1.0000000 -1 0.5411985 57.6700020 166.1287537 350.5501404 279.5205078 1.8622080 1.9295596 4.3208785 -6.9080458 1.6978219 12.0714359 0.0214229 0.6988497 
Car -1.0000000 -1 -1.6969109 631.8501587 178.6525879 683.7630005 218.9229126 1.6244349 1.6967119 3.9609396 1.7454857 1.7138190 28.7876663 -1.6363519 0.8728406 
Car -1.0000000 -1 -0.4966554 773.3587646 182.1746521 1021.4441528 266.3030396 1.6589078 1.7259979 4.0106287 5.3914857 1.7052410 14.0392704 -0.1299925 0.5510095 
Car -1.0000000 -1 0.2622816 373.7535400 178.8358307 475.8783875 216.9120941 1.5955544 1.9996345 4.3782539 -8.1065493 1.8116099 30.2828312 0.0007198 0.3317620 
Car -1.0000000 -1 8.9372644 848.5320435 186.6696930 1158.6876221 298.7363281 1.6375126 1.7744387 4.0690393 5.6749234 1.7336185 10.7033939 9.4247780 0.6829052 
Car -1.0000000 -1 1.8538862 477.3561401 176.2084808 515.4633179 202.0835114 1.4934276 1.4719627 3.4238491 -7.2517843 1.9048398 44.1795845 1.6911937 0.3995983 
Car -1.0000000 -1 2.1817997 356.5312195 179.0608978 408.1532593 223.2375793 1.4969413 1.7721748 4.2941980 -8.7995720 1.8808416 31.5428047 1.9097441 0.2950406 
Car -1.0000000 -1 -1.6534670 615.5560303 175.9003906 647.0120239 202.4833069 1.6896067 1.6341152 3.8592110 1.4850209 1.7199799 42.1873817 -1.6182809 0.5809914 
