Car -1.0000000 -1 -0.7704792 1019.4849243 188.0935059 1579.1525879 376.4816895 1.5125185 1.7373940 4.0144858 6.0823255 1.6624134 6.6434131 -0.0291432 0.7489257 
Car -1.0000000 -1 3.7063382 -51.0543442 164.5490875 303.3342285 303.0652466 1.8181984 1.8259516 4.2301860 -6.9349871 1.7814467 10.4418726 3.1200788 0.6643432 
Car -1.0000000 -1 -0.6213396 937.6697998 193.0175934 1287.2503662 310.8964844 1.4484080 1.5863645 4.3818340 6.3118086 1.6153256 9.5777493 -0.0386582 0.4959129 
Car -1.0000000 -1 0.5444623 93.0904083 165.9925842 369.7408142 271.3985596 1.8763227 1.9257402 4.3379192 -6.9053788 1.6724319 12.8458128 0.0512211 0.6282939 
Car -1.0000000 -1 -1.7057871 632.3277588 179.0509033 682.1525879 218.2382812 1.6434513 1.7149185 3.9103122 1.7752812 1.7518361 29.8007736 -1.6462858 0.8748588 
Car -1.0000000 -1 8.9743720 834.0032349 186.3794403 1110.6958008 284.8528442 1.6591082 1.8469191 4.1509566 5.7059321 1.7638843 11.7999458 9.4247780 0.7041660 
Car -1.0000000 -1 -0.4683746 762.8447266 181.3285675 991.3709717 259.8306885 1.6676015 1.7762569 4.0009565 5.3467474 1.7025363 15.0426559 -0.1268626 0.5238323 
Car -1.0000000 -1 10.2933806 -549.6196899 194.5216827 109.5974579 404.5482788 1.5385890 1.7586673 4.0219636 -6.8594460 1.6628274 5.8034019 9.4247780 0.5509043 
Car -1.0000000 -1 0.2083336 376.9944458 178.9564667 481.0969238 216.3294220 1.5627953 2.0122054 4.0713263 -7.0210404 1.7051502 28.3770790 -0.0342148 0.3046223 
Car -1.0000000 -1 2.1531946 348.8744812 179.8830261 424.3435974 214.8514862 1.5845791 1.6952285 4.3928289 -10.8062773 1.9487222 34.2952118 1.8479466 0.3293726 
