Car -1.0000000 -1 -1.8426328 709.8085327 167.0720673 924.0908813 310.9202881 1.6285738 1.7926049 4.1809840 2.7363834 1.5896828 10.7345343 -1.5930345 0.8717943 
Car -1.0000000 -1 3.5332393 172.8211365 168.7692719 410.7939148 263.7046509 1.7283409 1.7021816 4.0149932 -6.4988022 1.6532694 14.9516039 3.1232185 0.4267721 
Car -1.0000000 -1 3.6825492 -14.0208645 185.2675781 346.6691284 301.0599976 1.5425118 1.7791175 4.2598953 -6.3806248 1.6915718 10.3313284 3.1292892 0.6497745 
Car -1.0000000 -1 0.4967050 258.3767395 168.0886383 468.9423218 246.2849884 1.8128233 1.8726064 4.0913730 -6.2996011 1.6128684 15.3200130 0.1065803 0.4357770 
Car -1.0000000 -1 -1.6862584 668.5809326 177.1983185 741.6772461 233.8207092 1.5837437 1.5857882 3.7012141 2.7189538 1.7052156 21.8722649 -1.5625823 0.7547292 
Car -1.0000000 -1 -1.6882046 685.5865479 181.6627960 786.5176392 251.5338745 1.5257266 1.6249831 3.5887322 2.8293524 1.6510880 16.7943878 -1.5213017 0.6751676 
Car -1.0000000 -1 -1.6732890 647.2167969 175.9289398 689.1610107 210.6885681 1.5502615 1.6606075 3.7288101 2.5788484 1.6588660 34.0396385 -1.5976733 0.7979889 
Car -1.0000000 -1 0.2850170 402.5950623 174.9846344 511.8661499 211.2574005 1.6437949 1.7265441 3.7390373 -6.1949601 1.5178069 24.0503788 0.0329146 0.4712283 
Car -1.0000000 -1 0.6888775 -186.5907898 176.4696503 253.5385590 343.2713623 1.5689981 1.8337977 4.3342857 -6.1158986 1.6666137 8.1552286 0.0454174 0.7123775 
Car -1.0000000 -1 -1.6733974 633.3080444 171.9464264 667.9420776 201.2919312 1.6314698 1.6496568 3.8464038 2.2819569 1.6060617 43.2256279 -1.6206546 0.6107072 
Car -1.0000000 -1 0.3765282 386.2782593 170.1647186 455.7025757 222.6880188 1.9559352 3.3127587 2.7204733 -5.6228724 1.6824167 18.6495781 0.0836946 0.2898326 
Car -1.0000000 -1 3.2964104 455.9074707 167.6914978 509.3920898 210.2817841 1.6162325 2.2674880 3.1700537 -6.4709740 1.6124983 32.0088654 3.0969369 0.4955701 
Car -1.0000000 -1 3.3024575 349.6170959 163.2734375 433.7068481 237.5332794 1.6419184 1.8493935 3.8870358 -6.3316379 1.5874357 24.1503487 3.0460525 0.4644849 
Car -1.0000000 -1 3.8328622 -644.9166870 184.7614288 96.1951370 417.8669434 1.4455917 1.8777840 4.2308760 -6.4132824 1.7080274 7.4341431 3.1210530 0.3130261 
Car -1.0000000 -1 3.5557427 129.9371948 177.8792114 372.2793579 269.4148865 1.5250157 1.9442142 3.7929609 -6.6839714 1.6281061 12.5039454 3.0648394 0.3561514 
