Car -1.0000000 -1 2.2856812 -371.7266846 219.5640564 190.6085358 460.0885315 1.5238206 1.6997133 4.0668283 -5.9492378 2.0091288 6.7491531 1.5631933 0.8189237 
Car -1.0000000 -1 -1.5839545 694.2466431 174.0169830 774.8202515 236.2398987 1.4585388 1.6764016 3.8337209 3.3624859 1.6053922 19.8622913 -1.4162545 0.7100793 
Car -1.0000000 -1 2.0623866 127.4572296 203.7112732 332.6596985 316.7304688 1.5298498 1.5963407 3.7539480 -5.9494758 2.0257404 11.5239086 1.5858060 0.8417591 
Car -1.0000000 -1 1.8937376 296.4264221 194.4017181 419.4067383 264.4145203 1.5076616 1.6165521 4.0896463 -5.9763336 2.0122380 17.5706787 1.5658816 0.8734753 
Car -1.0000000 -1 1.8417164 401.1099854 189.1843719 478.1738892 236.9812164 1.6622442 1.7538135 4.2405829 -5.8272419 2.0750613 24.9787865 1.6125278 0.8458071 
Car -1.0000000 -1 8.8285915 965.4144897 138.0523987 1239.6468506 226.8142242 1.6975989 1.5865225 4.4554076 9.1805897 0.9687428 13.5296593 9.4247780 0.7689429 
Car -1.0000000 -1 -1.5432498 674.6428833 175.6585541 736.4134521 224.8007660 1.5702128 1.8173225 4.0701509 3.5566070 1.6818570 25.4287815 -1.4042859 0.7032789 
Car -1.0000000 -1 1.7431435 448.0071411 186.2814026 501.3645020 224.6640625 1.5802246 1.5543387 3.8731647 -5.8089042 2.1343455 31.9535122 1.5633150 0.6809030 
Car -1.0000000 -1 -1.5994551 658.2159424 177.2728729 696.3793335 208.5674896 1.4777112 1.6206414 3.8342314 3.4937570 1.7283340 36.0233498 -1.5027716 0.5442252 
Car -1.0000000 -1 1.7599754 518.9727783 179.6489410 548.1291504 201.2581940 1.5223109 1.6730520 3.8829119 -5.6798649 2.0582201 54.2628250 1.6556820 0.6109579 
Car -1.0000000 -1 1.7769000 487.0313721 184.4828796 528.9404297 212.6217499 1.5949054 1.6472971 4.1203957 -5.6709704 2.1612668 40.6739960 1.6383681 0.7477246 
Car -1.0000000 -1 2.6133348 879.4959106 150.6541443 1042.1557617 212.4325256 1.6246306 1.7723886 4.1180015 8.3642406 1.0352112 21.6278381 2.9823537 0.5019970 
Car -1.0000000 -1 -1.5379380 593.4165039 174.4286957 613.4357910 193.9715729 1.4742566 1.6464697 3.6564696 -0.5723347 1.6676075 64.0276947 -1.5468767 0.5870874 
