Car -1.0000000 -1 -1.7340699 704.8467407 189.2329102 805.6257324 260.1475830 1.4871517 1.5940402 4.0369802 3.1109676 1.7938974 16.5597839 -1.5483714 0.8717348 
Car -1.0000000 -1 0.7524828 -69.0880203 164.7971954 300.6032104 329.8524780 1.6652098 1.7089521 3.9797535 -5.9555168 1.6451646 8.6107912 0.1473937 0.4933968 
Car -1.0000000 -1 -1.9142846 768.0187988 202.0917206 1107.2938232 403.5300293 1.4169114 1.6312027 4.1282330 2.8152087 1.6647104 7.3843594 -1.5500550 0.8790168 
Car -1.0000000 -1 -2.7346731 335.3432007 177.9942932 482.5691528 237.5602570 1.6840608 2.1409719 4.0392938 3.7340178 0.2943384 -11.2606583 0.0867311 0.2908101 
Car -1.0000000 -1 0.4295652 191.5616608 179.6224976 443.1640930 269.7183533 1.5410702 1.9473687 4.1678252 -5.5037384 1.6461126 13.7346411 0.0484387 0.7235650 
Car -1.0000000 -1 1.6907742 543.6847534 180.9500732 586.9232788 216.1196747 1.5358367 1.6455079 3.5821097 -1.9717147 1.7889014 31.8811779 1.6290071 0.8269799 
Car -1.0000000 -1 0.4600980 231.1695709 180.9811096 460.9687500 262.0079346 1.5267779 1.8191806 4.1588025 -5.4957585 1.6529014 13.7245312 0.0792182 0.7409661 
Car -1.0000000 -1 -1.6834715 658.9845581 177.6089935 701.8176270 212.2508392 1.5878911 1.7558217 3.9896238 3.2952509 1.8141036 34.2481575 -1.5875499 0.8461629 
Car -1.0000000 -1 0.6259883 106.8364716 171.9054413 316.4794006 292.1401367 1.6884897 1.7304747 3.6685243 -5.9767003 1.6493069 9.8722515 0.0816047 0.3869548 
Car -1.0000000 -1 3.0128470 465.3356934 178.7649384 539.3119507 209.2274475 1.5692246 1.7295969 3.5893543 -5.3679614 1.9041467 37.3719940 2.8701868 0.5279441 
