Car -1.0000000 -1 3.5931824 45.7225571 181.5247650 352.6940002 283.6396484 1.5022973 1.9075645 4.0798769 -6.3043909 1.6114874 11.5354347 3.0930119 0.6824282 
Car -1.0000000 -1 0.3913421 293.6955566 176.3587646 483.4253845 242.2284393 1.5610795 2.0312986 4.2193594 -5.6700916 1.6240646 18.6036644 0.0955025 0.6968331 
Car -1.0000000 -1 -0.3579551 796.8883057 186.6610870 999.9685059 248.6224670 1.4244338 1.5318835 4.0869808 6.6678085 1.7082076 17.0479183 0.0148741 0.7314645 
Car -1.0000000 -1 3.5179937 177.9669495 179.8170013 421.9538574 262.8123474 1.5525091 1.6629291 4.3051696 -5.9480767 1.6362100 14.0126324 3.1165639 0.5410556 
Car -1.0000000 -1 3.3081721 365.4737244 170.8947906 485.9801636 227.8756409 1.6913021 1.6937817 4.2777901 -6.0198836 1.6802993 23.4425163 3.0568100 0.3498263 
Car -1.0000000 -1 2.5451605 888.9972534 182.4493256 1323.0574951 317.1971436 1.5671085 1.6292647 4.4167261 6.0034685 1.7194488 9.0122414 3.1328025 0.7701029 
Car -1.0000000 -1 -1.6716839 642.4755859 179.5957031 673.6807251 205.0617371 1.5341992 1.7293781 3.6334834 2.8817031 1.8028657 42.7419777 -1.6043649 0.7584874 
Car -1.0000000 -1 -0.3234239 707.6204224 179.3863068 814.5654297 217.0116730 1.5198274 1.7644669 4.1270599 6.0001450 1.7873639 29.5074768 -0.1228158 0.7068421 
Car -1.0000000 -1 0.1945598 444.4414368 174.7660522 539.6012573 209.7708588 1.5663005 1.6429220 3.7843781 -5.9730325 1.6349450 34.8443527 0.0247895 0.4060396 
Car -1.0000000 -1 -0.2613745 781.0051270 180.7429352 938.0477905 237.5526123 1.5763818 1.4912455 4.0077410 6.5346165 1.7684948 19.8329296 0.0569069 0.5731882 
Car -1.0000000 -1 0.8558297 -367.1669617 184.1038055 101.8015747 380.2902527 1.4727490 1.5826828 4.3064566 -6.4869361 1.7181906 5.8766799 0.0211125 0.5147780 
Car -1.0000000 -1 3.3152699 407.9127502 174.4397278 496.5344543 218.0113678 1.4953279 1.6855559 4.1579618 -6.3918953 1.6671510 28.6264057 3.0955868 0.5049063 
