Car -1.0000000 -1 3.6376468 -2.7521157 166.7960205 356.0283508 301.6472473 1.8689737 1.8254986 4.0297518 -6.3809528 1.7909429 10.9461288 3.1098647 0.7433980 
Car -1.0000000 -1 -1.6705883 670.0839844 178.5324860 763.5576172 251.3075867 1.6343703 1.7284600 3.9031527 2.6165802 1.7539963 18.4441128 -1.5296633 0.8556225 
Car -1.0000000 -1 -1.9172502 760.1234741 194.3565979 1060.1444092 376.9587097 1.5363792 1.6353157 3.6605825 2.7324655 1.7306743 7.7229943 -1.5771860 0.8909194 
Car -1.0000000 -1 -2.6536512 276.9033203 185.1786804 448.9454041 247.4852295 1.7201234 1.9259692 3.9996941 5.4063725 -0.1149532 -9.6591635 -0.0223294 0.3157448 
Car -1.0000000 -1 -1.6899720 656.0858765 180.5460510 717.1756592 230.4428864 1.4841511 1.6289111 3.6093712 2.6213679 1.8301438 24.0536613 -1.5814204 0.6774068 
Car -1.0000000 -1 -1.6656375 643.6790161 178.6095581 689.9382935 216.7320557 1.5787734 1.6043731 3.6991167 2.4906874 1.8202960 33.0963554 -1.5905235 0.7526685 
Car -1.0000000 -1 -2.8246961 412.1644287 182.9577942 477.4631348 224.8985596 1.4861118 1.6550280 3.6645336 -7.4816985 1.9187630 28.9875736 -3.0772839 0.2999924 
Car -1.0000000 -1 3.5083703 240.7425842 187.2302704 425.6239014 260.2922668 1.4674772 1.6048422 4.0584826 -6.3590307 1.8490305 16.4658051 3.1398201 0.5108273 
Car -1.0000000 -1 0.8280503 -563.3007202 194.5810089 150.3224182 416.5957031 1.4996680 1.5905088 4.4062791 -6.4176559 1.7191486 5.8356833 -0.0048073 0.5706618 
Car -1.0000000 -1 -1.6099635 634.7540894 180.0025787 665.7280273 205.9638672 1.5830094 1.7565584 3.6684473 2.4320321 1.8190271 45.7053566 -1.5568025 0.4928365 
Car -1.0000000 -1 0.2478387 440.8145142 177.3433380 518.2971802 217.0303650 1.6768528 1.6494411 3.9078295 -6.0026207 1.9509710 36.6740913 0.0856025 0.4349133 
Car -1.0000000 -1 3.4746644 241.3357391 185.9386597 449.5777893 253.8948059 1.5026661 1.6070844 4.1017971 -6.3587236 1.8493207 17.8143616 3.1318171 0.4128939 
