Car -1.0000000 -1 -2.1753396 878.3351440 179.0008240 1129.5621338 271.5456543 1.4018471 1.8735911 3.9924977 6.8164439 1.5709769 12.6259441 -1.6803024 0.7672441 
Car -1.0000000 -1 9.7376880 293.3627014 192.2340698 462.8397217 249.0430298 1.5201434 1.7141674 4.2580838 -6.6046243 2.0643318 20.4136791 9.4247780 0.7241562 
Car -1.0000000 -1 -1.7138816 657.1702271 184.0042114 720.8045044 229.5155792 1.5422987 1.6881174 3.6365914 2.6565418 1.8471479 25.1363544 -1.6085873 0.8486307 
Car -1.0000000 -1 3.9448627 -495.4816284 220.5639191 120.2217560 403.8041687 1.6278920 1.6715595 4.0746794 -6.7012691 1.8086745 5.8757381 3.0939205 0.6012249 
Car -1.0000000 -1 -2.8835863 374.1518555 186.7371368 484.4565735 232.6803284 1.5706908 1.5298685 4.3077750 -6.6793456 2.1047859 25.8143082 -3.1367793 0.6131065 
Car -1.0000000 -1 9.8575254 189.2391205 196.9900818 396.6429443 267.5403442 1.6508759 1.6984477 4.2161679 -7.0939693 2.0562568 15.3565578 9.4247780 0.5382331 
Car -1.0000000 -1 2.5568432 468.0741882 182.2934570 514.9414062 218.4920654 1.6742085 1.6589484 4.1206393 -6.4844823 2.2588916 42.4803658 2.4053659 0.2512282 
Car -1.0000000 -1 -1.6928361 636.6415405 183.6343384 677.4691772 216.5983734 1.5895095 1.7311566 3.7967103 2.1928248 2.0046098 34.0834122 -1.6285876 0.7964625 
Car -1.0000000 -1 -2.8796217 340.9602051 190.8834229 464.3891907 235.9789124 1.5499550 1.6858400 4.2831678 -6.8158154 2.0414889 25.5047512 -3.1407566 0.5648083 
Car -1.0000000 -1 3.4572179 130.1100922 198.1096344 378.5603943 281.3675842 1.6522000 1.6933473 4.0531955 -6.9629149 2.0428312 14.3725290 3.0060794 0.5120660 
Car -1.0000000 -1 0.2027031 420.9317322 187.8016357 513.7256470 221.5623627 1.6183784 1.8777685 4.1723843 -6.4884968 2.1093698 34.1104050 0.0147284 0.4236482 
