Car -1.0000000 -1 -1.9137167 685.5947266 210.1808777 1007.5882568 393.4410400 1.5489994 1.6206136 4.2813601 2.1366954 1.9188864 8.3955393 -1.6645038 0.8516175 
Car -1.0000000 -1 1.8153233 229.3125458 213.9686127 356.2496948 304.1437073 1.4736822 1.6486497 3.7843547 -6.1174202 2.2949059 14.1380930 1.4069567 0.8351299 
Car -1.0000000 -1 -1.8109432 617.1052856 200.8641205 762.5880127 298.0964661 1.5207962 1.6330286 3.6828616 1.2615434 2.0501034 12.9785662 -1.7140455 0.7513325 
Car -1.0000000 -1 -2.2934393 834.6989136 215.2788696 2199.6303711 899.4645996 1.5732654 1.6817186 3.8558736 2.9751525 1.7424866 3.4536176 -1.5823298 0.7343862 
Car -1.0000000 -1 -1.6788411 564.2860107 192.4000092 657.1443481 267.5591431 1.6851934 1.6725388 3.9827912 -0.0310091 2.2039671 18.0141487 -1.6805625 0.7895129 
Car -1.0000000 -1 1.7192018 339.9829102 194.5299225 411.9256897 253.9976196 1.8209687 1.7169802 3.9495618 -7.9486804 2.4671559 24.7180691 1.4080720 0.7984156 
Car -1.0000000 -1 -1.5246516 521.5005493 197.7034454 568.9145508 235.3746948 1.4699994 1.5407031 3.2516308 -2.4789023 2.4966469 28.9728851 -1.6100031 0.6341481 
Car -1.0000000 -1 1.9519664 -41.9614563 220.3282013 292.6109314 427.3050232 1.5628046 1.6811657 3.9494760 -4.7183065 2.0772598 7.5029278 1.3905947 0.8363116 
Car -1.0000000 -1 2.6108891 -1135.7974854 244.4017792 101.2250519 863.1798096 1.5545666 1.6701596 4.1136413 -3.9168310 1.9365987 2.4119949 1.5920509 0.5442978 
Car -1.0000000 -1 1.7406565 400.8472290 198.8466644 433.7735901 224.7652283 1.6020916 1.6344107 4.0446162 -12.2453413 3.1190650 45.6709671 1.4786969 0.6956808 
