Car -1.0000000 -1 0.6014881 -106.0587006 167.0958862 314.1861267 320.1356812 1.7413918 1.7545294 4.0093040 -6.0096083 1.6490356 8.6712217 -0.0045596 0.6481955 
Car -1.0000000 -1 -1.8645630 751.8545532 185.0128937 997.1445312 335.9243774 1.5396087 1.6953789 3.9674721 2.9802418 1.6676278 9.3299112 -1.5553783 0.8848413 
Car -1.0000000 -1 3.4435300 126.5902786 175.4246368 382.6566162 266.6472473 1.5750548 1.7124065 3.7318478 -6.3028722 1.5967396 13.8064785 3.0152709 0.7710365 
Car -1.0000000 -1 2.8146908 709.1080322 172.7463074 840.1747437 219.4331665 1.6664971 1.8804497 4.5558267 6.0086427 1.6027223 26.3775101 3.0386632 0.6689348 
Car -1.0000000 -1 -2.8213576 439.6761169 171.9809570 525.9910278 205.9138641 1.4957436 1.6789297 3.8957057 -6.4556146 1.4956847 32.3928185 -3.0180719 0.4191420 
Car -1.0000000 -1 -2.7033152 415.1805725 173.8455200 505.5988464 207.9988251 1.4963953 1.7721900 3.9694748 -6.5077519 1.5383244 32.0243950 -2.9037976 0.5444763 
Car -1.0000000 -1 -0.2877646 791.8809204 172.1379242 879.7395020 241.0222321 1.6811543 1.5616066 4.2977386 6.6810913 1.6187519 20.9656353 0.0207303 0.4135464 
Car -1.0000000 -1 9.5619721 479.3920898 168.9777985 534.6678467 196.0958252 1.6633815 1.6165906 3.8806076 -6.2352748 1.3684351 45.1630554 9.4247780 0.2948802 
Car -1.0000000 -1 0.6237112 315.2283936 169.6803284 456.3769226 224.8478546 1.6288590 1.6523534 4.0277772 -6.5563083 1.5387537 22.7539330 0.3431708 0.6282759 
Car -1.0000000 -1 -1.2460116 374.7184448 171.8795013 437.9295959 220.5728302 1.6061133 1.6763794 4.0273538 -6.7712550 1.5435581 23.5825768 -1.5256193 0.3949814 
Car -1.0000000 -1 -2.9501195 457.8772278 170.1076813 530.9600220 200.4134216 1.6114546 1.7018136 3.8374074 -6.0173726 1.4301484 36.9631577 -3.1114976 0.4591375 
Car -1.0000000 -1 0.8009781 -335.6903687 176.3100433 224.2064667 383.8414001 1.6911978 1.7640144 4.1769691 -5.8947945 1.6423783 6.6818585 0.0780798 0.6802073 
