Car -1.0000000 -1 2.0700617 -0.2741737 193.2709961 337.4415588 371.5736084 1.5197417 1.6574774 3.8828628 -4.7811966 1.8232218 8.5485220 1.5601057 0.8677568 
Car -1.0000000 -1 -1.9532546 793.3403931 186.7544708 1077.7061768 350.4757080 1.5810070 1.7093881 4.1255355 3.5033102 1.6932828 8.7441130 -1.5721898 0.8535609 
Car -1.0000000 -1 -1.8053481 738.4477539 182.4535828 871.4880371 275.7461853 1.5124331 1.6476774 3.7987711 3.5638556 1.7225565 13.8429747 -1.5533713 0.8342742 
Car -1.0000000 -1 1.9230554 266.0249329 190.4188995 428.8116150 283.6359558 1.4810773 1.6428773 4.3127155 -4.8649740 1.8101355 13.8365879 1.5849540 0.8733523 
Car -1.0000000 -1 -1.7386656 711.5640259 179.7187500 793.6864014 245.4148560 1.5647997 1.6299893 3.5651433 3.8608019 1.7702415 19.5246162 -1.5434438 0.8054173 
Car -1.0000000 -1 1.7416668 472.8110657 180.8592072 526.4581909 220.7474518 1.4986100 1.5898525 3.8094606 -4.5271854 1.8983604 29.7648869 1.5907254 0.8456769 
Car -1.0000000 -1 -2.3222245 965.6574097 194.3195190 2215.1833496 817.9412842 1.5205802 1.6707058 3.7436068 3.6729918 1.6106758 3.6742516 -1.5369978 0.7917393 
Car -1.0000000 -1 -1.7276574 691.7081909 179.4625549 748.5933228 225.1665955 1.5498426 1.6515075 3.6439271 4.0361404 1.7768749 25.0531654 -1.5679269 0.8072286 
Car -1.0000000 -1 1.7390213 499.8367920 180.9683380 544.8581543 213.5065765 1.5354769 1.6010518 4.1482854 -4.2183561 1.8938434 34.9459991 1.6188918 0.7929257 
Car -1.0000000 -1 -1.5378041 628.3452759 175.8370514 654.8845825 196.4091949 1.5585213 1.7431824 3.8917112 2.5202277 1.7554818 61.5558853 -1.4968848 0.5996812 
