Car -1.0000000 -1 -2.1084550 865.9525146 210.3541107 1470.1414795 544.9491577 1.5024160 1.5965183 3.5155730 3.0159075 1.7230881 4.9493299 -1.5611839 0.8227699 
Car -1.0000000 -1 1.9083246 242.4144897 209.9114075 446.7440186 348.2705688 1.6103140 1.5655129 3.6561279 -3.6265507 2.1190300 10.4984159 1.5757198 0.8736826 
Car -1.0000000 -1 -1.8519654 733.6389771 199.2039337 946.1245117 343.4726257 1.6759498 1.5864816 3.4888914 2.6494453 1.9090766 9.4455814 -1.5784971 0.8567026 
Car -1.0000000 -1 1.8263962 381.9482727 209.2594452 492.2348328 285.8970337 1.5124180 1.6589072 3.8629608 -3.7493713 2.3447883 16.1774006 1.5986512 0.8293876 
Car -1.0000000 -1 -1.7500296 683.1148682 197.8764954 794.4708252 278.5456238 1.5338641 1.5886805 3.7908931 2.5613647 2.0624824 15.4538794 -1.5857803 0.8296435 
Car -1.0000000 -1 -1.7348916 669.7757568 196.1358948 741.4714355 252.6473846 1.6214876 1.6535465 3.6815188 2.7818859 2.3084776 22.0904694 -1.6096195 0.6843954 
Car -1.0000000 -1 1.7649821 469.6787109 202.1324310 528.8760986 247.6160278 1.4984201 1.7305528 3.9726863 -4.1522112 2.6694887 26.5016365 1.6095680 0.7990855 
Car -1.0000000 -1 -1.6975833 659.2833252 193.8758698 716.7874756 240.5099182 1.6824844 1.6387827 3.7096159 2.7338717 2.4800231 26.1729050 -1.5935065 0.7058936 
Car -1.0000000 -1 -1.7427338 633.1114502 197.0839081 661.6062622 221.0206451 1.6270165 1.7332431 3.9093387 2.3002398 3.0479181 46.5879974 -1.6933998 0.6858671 
Car -1.0000000 -1 3.7276984 -442.2456970 208.0239868 141.7327576 411.7467041 1.5108494 1.7026432 3.6515501 -7.1354222 1.9421242 7.4859357 2.9662684 0.6507091 
Car -1.0000000 -1 1.7305041 435.9774780 204.6592865 507.2987366 260.0659790 1.5762112 1.7003956 3.7934086 -4.1604724 2.5686884 24.5837250 1.5628557 0.4125830 
