Car -1.0000000 -1 -2.1320252 845.6322021 176.6646423 1061.4674072 257.4968567 1.4231060 1.9390628 3.9504700 6.6452260 1.5556273 14.2273064 -1.6950624 0.7552945 
Car -1.0000000 -1 3.7512362 -296.6607361 216.1352997 211.7267151 370.5282898 1.6162491 1.5965887 3.7163286 -6.4903574 1.9312265 7.5934644 3.0440028 0.6817730 
Car -1.0000000 -1 9.7172832 312.4168701 190.2993927 466.4650574 242.6877441 1.5210272 1.6866049 4.1372581 -6.6465440 2.0622196 22.0710468 9.4247780 0.6840649 
Car -1.0000000 -1 9.6679487 380.3976135 187.0790253 486.7908325 229.7308807 1.5817562 1.5694673 4.2226539 -6.8141899 2.0818081 27.4677181 9.4247780 0.6027267 
Car -1.0000000 -1 -1.6832499 650.7932739 182.5163574 708.7459106 225.9629517 1.5329709 1.6436416 3.3414717 2.5602875 1.8276185 26.4562073 -1.5867758 0.8279970 
Car -1.0000000 -1 -1.6787728 631.4572754 181.6880035 670.8813477 214.1409760 1.6680644 1.6852455 3.7736602 1.9655207 1.9217441 34.5688782 -1.6219759 0.7568674 
Car -1.0000000 -1 0.2987911 449.6150513 184.7644196 527.1776733 216.3093567 1.6409816 1.9304627 4.1407547 -6.5743966 2.0889704 38.1995659 0.1283542 0.4987686 
Car -1.0000000 -1 9.8281277 194.9453735 196.5746460 407.3695679 267.1725159 1.5400444 1.7621816 4.0116696 -7.0602160 2.0533662 16.5442524 9.4247780 0.5819808 
Car -1.0000000 -1 0.2305783 427.7150269 185.2385101 515.6600342 217.5492859 1.6282542 1.8723857 4.1919351 -6.7092018 2.0815253 37.4034233 0.0530918 0.4539350 
Car -1.0000000 -1 3.3498365 351.6148987 188.5687866 468.6039734 230.7475891 1.5302774 1.6781380 4.1778407 -6.7842345 2.0304916 27.1857586 3.1052804 0.5662983 
