Car -1.0000000 -1 -1.9967804 397.6800537 192.0802460 523.0643921 266.1770020 1.4478973 1.4818748 4.0564041 -3.5394218 1.8690953 16.3082485 -2.2104986 0.7569831 
Car -1.0000000 -1 1.2933597 897.1304321 167.5417023 1028.5212402 236.4234619 1.4502497 1.6374131 3.9980817 7.8945627 1.3191209 15.8081627 1.7565255 0.5229151 
Car -1.0000000 -1 -1.5873830 285.7693787 185.6924438 348.8362427 226.7351379 1.4938585 1.7394251 3.6814384 -11.7679720 2.0288827 28.9929943 -1.9729568 0.7645414 
Car -1.0000000 -1 -1.9380098 538.2012329 154.3707886 862.3506470 336.3946228 1.8988215 1.9187924 4.2863603 0.7332644 1.6682558 9.8075409 -1.8633833 0.7194977 
Car -1.0000000 -1 -1.7205552 789.1520386 172.2565613 891.5929565 230.0398254 1.4550546 1.5131235 3.7912207 5.7944751 1.3893647 18.0850887 -1.4104888 0.4628873 
Car -1.0000000 -1 2.1298412 71.7333527 188.4271545 124.6107712 222.7089691 1.4091498 1.7267838 4.2684617 -26.6456318 2.0838954 37.7033958 1.5146214 0.3141974 
Car -1.0000000 -1 2.2744537 -164.1026459 194.3633728 37.1838264 324.6605835 1.4153811 1.6800077 3.7882769 -10.0340157 1.5976558 9.6789465 1.4710455 0.3143770 
Car -1.0000000 -1 3.2143733 458.0043945 172.6577148 562.1235962 214.7000732 1.5723817 1.3725309 3.8533010 -3.7264044 1.6241814 29.7921810 3.0899396 0.2739036 
Car -1.0000000 -1 -1.4264680 272.9913635 184.2526855 320.1385803 219.7989655 1.5156946 1.5907346 3.8772173 -14.5698318 2.1385994 34.1008835 -1.8302486 0.5550194 
Car -1.0000000 -1 1.9943262 426.4802856 179.2909088 501.9219666 209.7166443 1.5479758 1.6181862 4.0120344 -4.6386185 1.6602645 32.3762970 1.8520225 0.4254163 
