Car -1.0000000 -1 -1.9028479 747.6197510 191.8184967 989.4991455 335.6895142 1.5341522 1.6342661 3.4660811 2.9475284 1.6985488 9.2182169 -1.5933714 0.8835219 
Car -1.0000000 -1 -1.7239334 667.6043701 180.8186493 759.4969482 244.5903778 1.5797112 1.6865517 3.9220583 2.5713582 1.7607157 18.5869980 -1.5864642 0.8725512 
Car -1.0000000 -1 3.6207320 90.4571075 191.0175018 363.7027283 282.0145264 1.5442574 1.7053803 4.3205609 -6.6211095 1.8286748 12.3666677 3.1291674 0.5783926 
Car -1.0000000 -1 3.6739684 -73.8003845 195.2799072 282.4584045 313.0995789 1.4125206 1.7254074 4.0990968 -6.5910883 1.7756835 9.8522100 3.0843549 0.5435821 
Car -1.0000000 -1 3.5469699 187.6935272 185.1060181 380.9192810 263.2683411 1.6806319 1.6767811 4.2281246 -6.8708973 1.8411434 15.2091818 3.1226535 0.5394464 
Car -1.0000000 -1 -1.6663966 654.7501831 179.0024567 700.3167114 216.4663696 1.6502180 1.5960350 3.6370072 2.7837276 1.7797763 29.9523354 -1.5737243 0.7308954 
Car -1.0000000 -1 0.8470746 -245.2330170 188.2346649 209.2438354 359.4708252 1.6001897 1.7634072 4.2349753 -6.3756857 1.7684158 7.6864700 0.1546215 0.6577267 
Car -1.0000000 -1 0.4291815 245.4650421 186.4177094 430.3756714 249.3334808 1.6595722 1.8223650 4.1602664 -6.7562895 1.7594714 16.7833309 0.0464706 0.5610628 
Car -1.0000000 -1 0.3406080 327.6398010 182.2247162 483.1161499 233.6047974 1.6134979 1.7130499 3.9820409 -5.8203650 1.8330572 22.4929733 0.0873983 0.7319195 
Car -1.0000000 -1 0.3229255 356.1446838 178.2303925 487.5113831 232.2132874 1.6149750 1.7364162 3.9966657 -5.8066115 1.8364067 22.5441208 0.0708381 0.7397640 
Car -1.0000000 -1 -2.8663568 388.0769348 172.3889771 477.3470459 215.6053009 1.5585443 1.6251410 4.2434473 -5.6712418 1.6736859 32.9443436 -3.0368321 0.4413752 
Car -1.0000000 -1 3.7756834 -747.2143555 197.2916412 77.9676361 452.2419128 1.4933441 1.6634821 4.0743437 -6.3421984 1.8021991 7.4051185 3.0674501 0.4642330 
