Car -1.0000000 -1 -2.1475074 896.3448486 192.4059906 1455.8013916 489.8865356 1.5892522 1.7328378 3.8485019 3.7672067 1.7011517 5.6656108 -1.5607115 0.8571448 
Car -1.0000000 -1 1.9911078 144.7284698 191.8627014 382.3297119 326.6532593 1.5740614 1.6941693 4.0526118 -4.7688670 1.8310579 10.5789022 1.5675968 0.8655170 
Car -1.0000000 -1 -1.8991266 766.4753418 185.7449493 970.3098145 309.7962952 1.5177158 1.7072613 4.0850177 3.5682423 1.6873070 10.7617540 -1.5789666 0.8483363 
Car -1.0000000 -1 -1.7406205 726.2350464 181.0633087 830.0245361 260.0577087 1.5030589 1.6767439 3.8946567 3.6834261 1.7378440 16.1267109 -1.5160673 0.8338262 
Car -1.0000000 -1 1.8810054 319.8529358 188.7116241 451.7514038 266.7461853 1.4396819 1.6613342 4.1252236 -4.7653284 1.7913357 15.7588711 1.5873572 0.8746147 
Car -1.0000000 -1 2.3168249 -813.8779907 195.1658783 193.9769592 652.5404663 1.6163851 1.7519855 4.5305252 -4.7285213 1.8076286 4.6927261 1.5276273 0.8211297 
Car -1.0000000 -1 -1.7058614 705.6979980 178.3286285 775.3267212 234.1778717 1.5563321 1.6219260 3.6307404 3.9790542 1.7714469 21.7653141 -1.5250419 0.8130794 
Car -1.0000000 -1 1.7335983 484.9691162 180.0450897 535.1511841 216.8784485 1.4908496 1.6836063 3.7778971 -4.4306202 1.8601545 32.0723648 1.5963227 0.8672750 
Car -1.0000000 -1 -1.7057981 689.5491333 178.9716644 742.3491211 222.3780365 1.6065383 1.6559811 3.7882731 4.1311154 1.7566004 27.4265404 -1.5562972 0.7692703 
Car -1.0000000 -1 1.7235588 509.9286499 179.1558990 551.4505005 209.9079437 1.4512284 1.6330869 4.2212582 -4.0824227 1.8625849 37.6364403 1.6155113 0.6620801 
Car -1.0000000 -1 -0.2495752 604.0538330 175.1123962 649.3634644 193.9232635 1.5986021 1.7106063 4.2499061 1.5529449 1.6211261 62.9277992 -0.2249020 0.4595086 
Car -1.0000000 -1 -2.2332906 1122.8222656 179.3122406 1303.1488037 254.5244141 1.5797091 1.6479502 3.7563968 17.1171227 1.6894627 21.0409718 -1.5503637 0.3304378 
