Car -1.0000000 -1 -1.7522710 685.5942383 175.9167175 822.8175659 272.4802246 1.6970130 1.7356135 4.2440524 2.6758173 1.7140360 14.5474348 -1.5703669 0.8388444 
Car -1.0000000 -1 3.4320317 269.0201416 172.2542419 446.8343811 247.2502594 1.7555757 1.7027060 4.0687766 -6.5169544 1.7003107 19.0809708 3.1029115 0.5378737 
Car -1.0000000 -1 3.7413304 -76.5100632 187.7012329 282.7237549 314.0753174 1.6017981 1.6744039 3.9669275 -6.5519357 1.6997876 9.4595757 3.1355715 0.7799584 
Car -1.0000000 -1 0.3957961 347.9106140 174.4753876 457.9701538 235.3480377 1.8617531 1.7526482 3.9998415 -6.2658806 1.7516980 21.6588135 0.1141851 0.5613689 
Car -1.0000000 -1 0.4793270 117.1292191 181.3635406 349.6288452 284.7399902 1.5333009 2.0611186 4.1302929 -6.0243144 1.6405497 11.6217299 0.0010945 0.6289508 
Car -1.0000000 -1 3.3934682 384.8901062 169.9910278 459.3640137 231.5764313 1.9187448 3.1147017 2.9706416 -6.0753555 1.8925760 22.6333847 3.1312254 0.3754479 
Car -1.0000000 -1 3.4515813 225.7598724 178.3059845 416.7072144 255.0364838 1.5608773 1.8996876 3.7314882 -6.4706545 1.6178842 15.7685528 3.0621829 0.3599868 
Car -1.0000000 -1 3.2045572 446.9774475 175.6907196 488.7774658 210.9151306 1.6215736 3.1308677 2.3903646 -6.5309477 1.8848341 34.2998581 3.0164021 0.2942009 
Car -1.0000000 -1 -1.6730688 657.3165283 181.0212402 720.7042236 229.3723145 1.5755526 1.7180743 3.8435202 2.6431613 1.8409653 24.0058975 -1.5634059 0.5753459 
Car -1.0000000 -1 -1.6061749 664.7217407 181.8179474 744.0046997 236.6142120 1.4983773 1.6530060 3.7435000 2.8010654 1.7697227 20.9493141 -1.4732565 0.5251516 
Car -1.0000000 -1 3.4757473 154.0963135 183.9117737 401.2573242 264.4146118 1.5168017 1.7645435 3.8752866 -6.4153976 1.6406523 15.1196899 3.0744634 0.4615521 
Car -1.0000000 -1 3.4857843 140.1409454 186.5590820 397.9979248 267.8250122 1.5424646 1.7538656 4.0076976 -6.3800106 1.6656573 14.7003908 3.0763130 0.5086164 
Car -1.0000000 -1 3.1316415 473.9107666 172.1443176 510.9407043 206.4346161 1.6860880 3.1668637 2.3224001 -6.5968781 1.9571401 36.1103668 2.9509476 0.3442526 
Car -1.0000000 -1 -1.6688839 640.5245361 180.5308990 677.5197754 211.9143677 1.5314679 1.6676930 3.6478493 2.3838229 1.8147703 38.3211021 -1.6067574 0.7621176 
