Car -1.0000000 -1 3.5865757 20.2434292 184.7170105 327.1038513 294.9434814 1.5173678 1.6445011 3.9416621 -6.6248231 1.7615215 11.1473160 3.0503597 0.6106910 
Car -1.0000000 -1 -1.9692723 793.7537842 181.6238556 1154.4475098 397.5579834 1.6487365 1.7263198 3.8617458 3.1631901 1.7239159 7.3525052 -1.5629891 0.8477358 
Car -1.0000000 -1 0.3230226 312.3706970 180.0602417 479.9758301 244.6755981 1.5997568 1.8721015 4.1530991 -5.9053774 1.7124797 18.4970036 0.0139899 0.6103242 
Car -1.0000000 -1 -1.6843280 685.8070068 187.5944824 764.1101685 243.4703674 1.5807308 1.6372267 3.8735597 3.1663346 1.9262280 20.8579025 -1.5336732 0.8664236 
Car -1.0000000 -1 -2.6367567 213.9459534 185.0297546 415.5594788 262.1025696 1.6505755 2.0721457 3.9400065 5.1384158 -0.0265786 -9.1733856 -0.0057619 0.2831625 
Car -1.0000000 -1 0.4047644 205.2051849 181.4093170 376.3903503 272.5239563 1.6013080 1.9203767 4.1096692 -6.0422721 1.7287767 13.8841648 -0.0057069 0.4575282 
Car -1.0000000 -1 10.2805715 -521.0427246 210.4822388 116.6581039 403.8082275 1.4782228 1.6753212 4.0834117 -6.5978713 1.6980442 5.7287011 9.4247780 0.6159630 
Car -1.0000000 -1 3.2665900 381.6306152 177.5655823 484.7650757 230.7049866 1.6642256 1.7724198 3.8075161 -5.9362807 1.7813635 24.5416050 3.0292621 0.4690705 
Car -1.0000000 -1 -2.5432450 883.4371948 151.7203064 2971.2194824 1302.9635010 1.6216211 1.7290376 4.2566195 2.9548202 1.6227188 2.0686457 -1.5832363 0.6758300 
Car -1.0000000 -1 -2.9906233 497.6813660 178.0964813 553.8583984 201.7428741 1.5336124 1.8189535 3.7527359 -5.3923106 1.7366151 49.6662445 -3.0987706 0.3353141 
Car -1.0000000 -1 0.2607017 426.0193481 179.3587036 530.5809937 215.4308777 1.5381241 1.9148455 4.2678733 -5.7343454 1.8072904 30.9528351 0.0775178 0.4379066 
Car -1.0000000 -1 -1.5141987 714.7954712 179.4619598 787.5034790 222.1119385 1.5163952 1.6219826 3.8538888 6.5198178 1.9943185 28.7410374 -1.2911270 0.5729041 
