Car -1.0000000 -1 1.9430928 178.6444550 198.2976532 431.3853149 361.2574463 1.5760936 1.6049247 3.7218337 -3.5777946 1.9001292 9.1518583 1.5704242 0.8589694 
Car -1.0000000 -1 -1.8882643 756.3423462 182.4156952 1020.4658813 356.6870422 1.7007059 1.7153993 3.7862604 2.7284722 1.6807339 8.0870705 -1.5628699 0.8141658 
Car -1.0000000 -1 1.8246504 361.8675232 195.8046417 486.5018921 278.7118225 1.5133309 1.6569889 3.8958626 -3.6542296 1.9899005 14.8440065 1.5832746 0.8457775 
Car -1.0000000 -1 -2.2889340 913.6120605 191.3535919 2299.8703613 902.9254150 1.5854840 1.7073685 3.9084349 2.9875050 1.6035689 3.3480735 -1.5603862 0.7804666 
Car -1.0000000 -1 -1.7361442 678.2532349 179.0048981 757.0176392 239.8978271 1.6232210 1.6610301 3.7725160 2.9114122 1.7928306 20.6753292 -1.5962483 0.7606527 
Car -1.0000000 -1 -1.7586664 692.9685669 182.0482178 819.1724243 271.0670776 1.5268526 1.6241241 3.9491265 2.6651094 1.7144849 13.9030981 -1.5692722 0.8427210 
Car -1.0000000 -1 1.7534817 465.4454346 187.5653534 528.9710083 236.0918579 1.5683759 1.6966504 3.8878026 -3.9895175 2.0907352 25.1758366 1.5963224 0.8158472 
Car -1.0000000 -1 1.7812672 428.6505127 190.7464447 505.2387085 249.8284607 1.6353863 1.6816622 3.7790921 -4.1459284 2.0452926 21.3411827 1.5893884 0.4995149 
Car -1.0000000 -1 -1.6571609 637.3234253 180.3349609 667.2612305 205.5550385 1.5628258 1.6940744 3.8615658 2.5357511 1.9125327 45.6041603 -1.6016146 0.7013019 
Car -1.0000000 -1 -1.6828198 665.8908081 177.1440735 726.0119629 225.6593018 1.6549790 1.6560041 3.6932271 2.9312825 1.8264098 24.9973984 -1.5660894 0.7363515 
