Car -1.0000000 -1 -1.8554505 591.1487427 189.7782440 750.2257080 289.3731689 1.4368166 1.7012476 4.0101190 0.8739604 1.7346420 12.9281759 -1.7879519 0.8506589 
Car -1.0000000 -1 2.1132970 -269.2030640 218.1761322 140.2143097 439.5735474 1.4607853 1.6847513 3.9220107 -6.0895772 1.9808952 6.7003350 1.3756157 0.8322261 
Car -1.0000000 -1 -1.6781819 487.9218445 183.5059662 547.8747559 227.0637665 1.4334682 1.7441592 3.7772069 -3.6036105 1.9321916 27.2213993 -1.8097981 0.8604244 
Car -1.0000000 -1 1.9327323 23.4387932 206.0345612 222.2657013 326.9700928 1.4007887 1.6560726 3.8801076 -7.5922470 1.9911095 11.6601286 1.3555639 0.7749920 
Car -1.0000000 -1 -1.5699987 478.3041077 182.6041260 520.9228516 217.9815521 1.5598047 1.6695158 4.1195259 -5.1305971 2.0512691 33.3126106 -1.7228117 0.6362183 
Car -1.0000000 -1 2.1788692 104.6226501 191.9351654 162.1275482 225.1829834 1.2199917 1.7326119 4.2449417 -23.4139881 2.3825407 34.8477135 1.5872561 0.4309017 
Car -1.0000000 -1 1.8348113 308.8646240 186.3344727 353.8585815 218.2426605 1.4981780 1.6261656 3.8459044 -15.4035769 2.2269804 41.5937042 1.4801373 0.4032019 
Car -1.0000000 -1 -2.0935266 772.0764771 137.2703400 1354.5825195 506.4459229 1.8316321 1.8667744 4.2126527 2.8744719 1.5797766 5.7503228 -1.6299750 0.7309991 
Car -1.0000000 -1 2.9395068 669.9255981 167.5405121 777.0139160 212.1247406 1.6293002 1.6127485 4.0369301 4.4845729 1.3764701 28.2607861 3.0968800 0.5226041 
Car -1.0000000 -1 1.6756511 622.4054565 177.4142609 701.5087891 209.9482727 1.4338208 1.5694166 3.9856632 1.5189675 1.8249434 33.9529610 1.7203587 0.2794166 
