Car -1.0000000 -1 -0.6131273 947.6965942 194.4888153 1322.2557373 317.7195435 1.4413767 1.6345617 4.0583019 6.4610853 1.6897566 9.3588715 -0.0088937 0.7389110 
Car -1.0000000 -1 0.5482400 49.1424866 179.2051544 388.2055969 300.8858032 1.6956910 2.0923870 4.1533604 -5.7209406 1.7653594 10.9025736 0.0650023 0.6831818 
Car -1.0000000 -1 -0.2538119 731.7846069 183.6208191 879.3229370 234.4748840 1.5021405 1.7458824 4.3882656 5.5890822 1.8318434 21.6158295 -0.0007891 0.7756049 
Car -1.0000000 -1 -2.7698153 224.5341339 176.0009613 422.7032776 257.1845093 1.6168935 1.5335795 3.9824309 -6.3748384 1.6828880 16.8406887 -3.1316841 0.6040469 
Car -1.0000000 -1 -2.8111804 302.0584412 184.3950195 454.7697754 239.4911804 1.4564160 1.5440751 3.8873575 -6.7377796 1.7687995 22.0309620 -3.1079793 0.4070273 
Car -1.0000000 -1 -2.3596970 -364.5178528 195.8352509 230.2319946 375.7102051 1.5045133 1.6836252 4.3022699 -6.0236568 1.6607617 6.6770129 -3.0936978 0.6376772 
Car -1.0000000 -1 0.3580107 392.7832642 177.3423157 510.5147400 223.0252838 1.5782075 1.8691814 3.9595475 -6.2704167 1.7979783 28.3921242 0.1406492 0.6444187 
Car -1.0000000 -1 -1.6598273 635.5991211 183.0252991 674.9758301 213.6421204 1.5102788 1.7430505 3.7845528 2.1808491 1.9353272 35.4465332 -1.5983797 0.8485751 
Car -1.0000000 -1 -0.5072829 877.8690186 184.5377197 1151.6149902 289.7202759 1.5584249 1.5782506 4.0315876 6.5026116 1.7294785 11.4886675 0.0077630 0.6854227 
Car -1.0000000 -1 9.6954016 333.7981873 182.2895966 464.6460876 229.8971710 1.4520955 1.6036139 3.8742526 -6.8139195 1.8326129 24.5608902 9.4247780 0.3197263 
