Car -1.0000000 -1 -1.2612363 253.4479828 202.5036316 469.2345581 342.1052856 1.4945909 1.6418403 4.0419436 -3.0983076 1.8662705 9.7437010 -1.5691063 0.8425094 
Car -1.0000000 -1 2.1104617 -357.7827759 220.9194336 380.1824646 637.5233154 1.4900178 1.6749239 3.7104497 -2.8483062 1.8453581 4.3455205 1.5302591 0.8235650 
Car -1.0000000 -1 -1.8264467 730.8692627 195.7229462 943.0310059 333.4723816 1.4722372 1.6519946 3.9582958 2.7151611 1.7616547 9.7114229 -1.5538236 0.8779921 
Car -1.0000000 -1 -1.7889138 698.0870972 193.8684235 804.1060791 273.0154724 1.5152932 1.6482860 3.5930574 2.8326008 1.9583961 15.0732555 -1.6031579 0.7697759 
Car -1.0000000 -1 1.6785978 528.8230591 188.9171143 569.7353516 221.8035736 1.4234354 1.7009513 3.9215207 -2.9712410 2.2322783 33.6475983 1.5905216 0.8290378 
Car -1.0000000 -1 -1.4537742 483.7235107 191.8024750 550.3068237 245.0630798 1.4940760 1.6105725 4.0368190 -2.8294523 2.1082773 22.4933491 -1.5789076 0.9016725 
Car -1.0000000 -1 -1.7489147 666.2284546 186.9573059 745.1801147 249.4818878 1.6645188 1.8205849 4.0087872 2.6829033 2.0145426 20.5303707 -1.6189713 0.7452885 
Car -1.0000000 -1 -1.5764177 635.5598755 185.0722656 665.0590820 211.3113556 1.5390304 1.8788898 3.9664860 2.3765552 2.1428490 42.3638573 -1.5203778 0.6973793 
Car -1.0000000 -1 -1.7023997 657.4534302 179.8898315 720.1318970 239.1417542 1.7631913 1.8157043 3.9362884 2.6564157 1.9986068 24.2096291 -1.5931113 0.6871849 
Car -1.0000000 -1 1.6766813 564.6598511 185.1751862 585.1124268 203.8758240 1.3909180 1.6998202 4.0851240 -3.1368103 2.6149747 62.0947304 1.6262077 0.5560392 
