Car -1.0000000 -1 -1.3132592 451.6776123 175.2988739 600.5765991 280.0956116 1.5025401 1.4563826 3.7552304 -1.2622868 1.4914675 12.1913738 -1.4164310 0.8958709 
Car -1.0000000 -1 2.0769695 -45.4393349 172.5725250 464.4354248 490.9332581 1.5309236 1.6252474 3.8502715 -2.4819026 1.6143315 5.4882751 1.6522717 0.8596731 
Car -1.0000000 -1 -2.0533357 908.1938477 209.3759766 1399.2515869 531.6203003 1.4954216 1.5851446 3.1576548 2.8062067 1.6532807 4.4247308 -1.4881412 0.7462284 
Car -1.0000000 -1 -1.6989297 766.5238037 175.5326233 847.2318115 241.8975372 1.5264208 1.6417568 3.4892018 5.1499896 1.5856730 19.0435963 -1.4348156 0.8227253 
Car -1.0000000 -1 1.6598945 617.9756470 165.9824524 669.4632568 208.1626282 1.6960040 1.7341628 4.2401152 1.5345349 1.4222753 31.6031628 1.7084128 0.8506223 
Car -1.0000000 -1 1.6673760 490.1905518 165.3466797 564.7701416 215.1926880 1.4662267 1.7509111 3.6990769 -2.9439712 1.2379197 25.5126629 1.5524915 0.5691585 
Car -1.0000000 -1 -1.6797298 761.5672607 175.7794189 817.6342163 227.9270935 1.5107325 1.5683557 3.2365460 5.7057290 1.6645916 23.1444721 -1.4380229 0.6380060 
Car -1.0000000 -1 -1.6901912 738.1123047 171.1062775 761.6202393 193.1921692 1.5575064 1.5857174 3.5179062 10.3967361 1.4283262 52.8691711 -1.4960186 0.6078272 
Car -1.0000000 -1 1.6196375 641.8078613 168.2043915 682.0561523 201.0359192 1.4142983 1.6616825 4.2022581 2.8983676 1.3403136 38.5756226 1.6946313 0.6132437 
Car -1.0000000 -1 1.7216902 681.7399292 164.9878845 703.5957642 182.6764832 1.5386410 1.6974192 4.1248717 7.7238460 0.7377508 65.1640701 1.8396690 0.4937268 
