Car -1.0000000 -1 0.4320274 250.6702576 174.8179779 443.5217590 244.0510864 1.5328979 1.7319367 4.1166501 -6.4861674 1.5762577 18.1709003 0.0891713 0.7877620 
Car -1.0000000 -1 -1.9323320 773.3276367 190.5863037 1094.2216797 386.1015015 1.6134894 1.6628340 3.5709527 2.9092906 1.7628366 7.5142179 -1.5629334 0.8466184 
Car -1.0000000 -1 3.3395484 342.7913818 167.1594086 483.3297729 228.9056091 1.8175675 1.7356108 4.1592474 -6.1413980 1.6532750 23.3793411 3.0826672 0.6759803 
Car -1.0000000 -1 3.6894498 -30.4372330 170.7884674 336.9363403 299.1952515 1.7113768 1.7578616 4.4134359 -6.4789796 1.6821432 10.4631081 3.1350167 0.7138055 
Car -1.0000000 -1 -1.7060484 680.8754883 183.5113068 759.1019897 244.4830780 1.4893240 1.6833924 3.8184140 2.8475845 1.7752531 19.6819305 -1.5623653 0.8765295 
Car -1.0000000 -1 0.7525551 -209.0050964 177.6827393 256.9974365 342.5647888 1.7037966 1.8309560 4.4225683 -6.2907562 1.6726743 7.9291382 0.0818687 0.6664899 
Car -1.0000000 -1 -1.6698709 650.5595093 177.1832581 703.2391968 219.8866272 1.6370995 1.6384629 3.7004423 2.7810740 1.7666358 30.4134102 -1.5786822 0.8096023 
Car -1.0000000 -1 3.4681488 146.4041901 184.6548157 354.0126343 263.4544678 1.5184759 1.7256342 4.4272962 -6.7004838 1.5599264 17.9189396 3.1103139 0.5239128 
Car -1.0000000 -1 3.2943383 435.5863953 175.0140228 492.6223450 218.7562103 1.6631428 3.3618214 2.5044918 -5.9910975 1.7965598 29.6017570 3.0946458 0.3169271 
Car -1.0000000 -1 -2.6039314 999.1706543 181.3170776 2386.4680176 1232.0390625 1.5084273 1.6826562 3.7032902 2.9334695 1.6305343 1.7491851 -1.5708188 0.5860056 
