Car -1.0000000 -1 1.9458795 273.0122070 197.6575165 399.0716248 274.6459045 1.5399284 1.6129965 3.8891139 -6.0227170 2.0773525 16.0599346 1.5870956 0.8308838 
Car -1.0000000 -1 2.0548430 91.8033829 207.3397522 325.0562439 327.8772583 1.4666144 1.6388999 3.9664354 -5.9438772 2.0044107 11.2453985 1.5686086 0.8518785 
Car -1.0000000 -1 2.3244375 -589.7764893 213.2277069 148.2171631 516.7708740 1.5191555 1.6934035 4.1557074 -5.8448853 1.9357833 6.1344290 1.5632049 0.7692902 
Car -1.0000000 -1 2.5363989 872.1157227 145.4878693 1073.7615967 212.6203156 1.6856743 1.6780865 4.5604296 8.9455433 0.9390023 18.1031380 2.9953501 0.7589009 
Car -1.0000000 -1 1.8516659 362.9780579 192.1092224 454.2518921 246.7160797 1.5018748 1.6842849 4.0467625 -6.0880523 2.0772042 22.2291546 1.5843441 0.8775650 
Car -1.0000000 -1 1.8241225 434.3078918 187.7476044 495.7218933 227.7370911 1.5824912 1.6786040 3.8877683 -5.9382195 2.1041234 29.4754353 1.6253203 0.8302963 
Car -1.0000000 -1 -1.5956873 676.2209473 176.3161163 734.4754028 224.9819336 1.5146036 1.7244600 3.7355235 3.2477202 1.6492443 25.0487309 -1.4667505 0.7287176 
Car -1.0000000 -1 1.7908502 499.3045959 184.3874664 535.6569824 209.3668213 1.6039733 1.6469007 3.9952791 -5.8545980 2.1506543 44.7608109 1.6607912 0.6323001 
Car -1.0000000 -1 -1.5807302 663.4318237 176.5893250 714.9061890 217.1347809 1.5745695 1.8148361 3.7732244 3.3089194 1.7110738 29.4609642 -1.4688835 0.5739104 
Car -1.0000000 -1 -0.7836238 1188.1861572 129.8042145 1342.9077148 180.1151886 1.5130955 1.9595814 4.0798016 22.6224289 0.0261078 24.8303337 -0.0447206 0.4921950 
