Car -1.0000000 -1 -2.1062811 880.0144653 190.4738007 1380.9326172 467.2535706 1.5604014 1.6657811 3.8575745 3.7560163 1.7274524 6.3047047 -1.5689938 0.8677730 
Car -1.0000000 -1 1.9564557 179.7171173 191.8279724 399.5502625 317.5732117 1.5477139 1.6938789 4.0527706 -4.7396536 1.8652956 11.2378998 1.5573359 0.8730476 
Car -1.0000000 -1 1.8388181 354.7328186 187.7580719 464.6719666 260.8216858 1.5401050 1.7191123 4.0230179 -4.6122799 1.8367797 16.9315338 1.5728636 0.8707305 
Car -1.0000000 -1 -1.8606796 772.7088013 180.7042542 940.3999634 293.7234497 1.5218586 1.6776265 3.9539824 3.7861528 1.6580673 11.9109535 -1.5529087 0.8788867 
Car -1.0000000 -1 -1.7288975 702.0084229 177.8704376 768.5419312 231.3403931 1.5397755 1.5643299 3.7208300 3.9458194 1.6819974 22.9175911 -1.5583949 0.7192905 
Car -1.0000000 -1 -1.7857182 720.9356079 179.6227570 822.0599976 252.0154724 1.4910790 1.6549077 3.9428952 3.7400146 1.6564401 17.0371342 -1.5696245 0.8501944 
Car -1.0000000 -1 1.8192365 420.4885559 185.4065247 500.8846130 238.0364990 1.4030296 1.5816584 4.0771894 -4.5233011 1.8278816 22.0859642 1.6172256 0.8417934 
Car -1.0000000 -1 1.7472963 514.0457764 178.9613037 554.6317139 209.9123230 1.4873710 1.7133758 4.0782084 -3.8960228 1.8916264 38.4576950 1.6463341 0.8405971 
Car -1.0000000 -1 -1.7147163 684.3372803 176.7516174 726.3455811 211.3298340 1.5533874 1.6418611 3.6210172 4.4400434 1.7370789 32.8117561 -1.5802146 0.6637828 
Car -1.0000000 -1 -1.7253191 695.0486450 176.6878357 749.6861572 219.8969421 1.5969468 1.6021509 3.6736224 4.1889114 1.7365913 27.5333595 -1.5743374 0.5793861 
