Car -1.0000000 -1 -1.7443876 692.1593628 178.5870056 809.4553223 264.7986755 1.5466264 1.6546254 3.9751692 2.6918550 1.7026947 14.8783312 -1.5653993 0.8633318 
Car -1.0000000 -1 1.7703870 417.6729126 185.1152649 497.0958252 241.2164917 1.5326293 1.5658319 3.8071666 -4.5034161 1.9037952 21.4589043 1.5635266 0.8582333 
Car -1.0000000 -1 0.5682777 103.0999680 186.9963989 310.0007935 256.0770874 1.6355145 1.7742845 4.3575330 -9.4002056 1.8780819 16.8775845 0.0601036 0.7323561 
Car -1.0000000 -1 -1.9731677 803.6480713 190.6448364 1105.0877686 381.2129517 1.5847198 1.6529950 3.7164705 3.1777091 1.6997213 7.3546987 -1.5653280 0.8620829 
Car -1.0000000 -1 -2.3452709 934.4124756 195.6584625 2413.5556641 979.9818726 1.4786092 1.6529561 3.6152804 2.9911478 1.6196376 3.1105421 -1.5794376 0.7737372 
Car -1.0000000 -1 -1.6757678 674.5876465 178.7428741 749.0495605 237.6842804 1.4822136 1.5936320 3.5114493 2.8978896 1.6790154 21.1532269 -1.5396202 0.7585186 
Car -1.0000000 -1 -1.6661304 657.7103882 178.6655579 705.3624878 217.5300903 1.4701328 1.5602587 3.5976520 2.9064012 1.6701937 29.9245586 -1.5693098 0.7414871 
Car -1.0000000 -1 1.7328855 454.2518616 177.7141113 518.4738770 226.8937988 1.6869214 1.6264845 3.8352537 -4.4482508 1.8887250 26.6157780 1.5672877 0.8192994 
Car -1.0000000 -1 1.7155128 487.8353882 178.2566071 538.5072632 217.8458862 1.5784725 1.6147141 3.8337598 -4.3146496 1.8519292 32.2360001 1.5824579 0.8060560 
Car -1.0000000 -1 2.4586158 -2174.5878906 197.7814331 166.7961731 1174.9166260 1.4434866 1.6814888 3.9095721 -4.5215812 1.7585220 3.5509605 1.5535548 0.6298174 
