Car -1.0000000 -1 -1.8716608 759.6778564 180.6649628 976.2534180 317.3813171 1.5963832 1.7077061 4.0776358 3.2818432 1.7276274 10.1659966 -1.5593969 0.8635753 
Car -1.0000000 -1 -2.1854879 867.3876953 190.6716766 1734.0493164 614.2449341 1.5696456 1.6731919 3.9735661 3.2222922 1.6291175 4.5268245 -1.5668719 0.8236907 
Car -1.0000000 -1 2.1412343 44.0091858 200.0510864 332.4092102 335.3213806 1.4973060 1.6817551 4.1677504 -5.7113709 1.8675661 10.4146862 1.6396235 0.8455923 
Car -1.0000000 -1 1.9169032 284.9699097 191.0209808 416.5323486 267.7345276 1.5738503 1.6015353 3.9447839 -5.7448063 1.9485711 16.4568748 1.5810460 0.8795930 
Car -1.0000000 -1 1.4425125 693.5504761 181.6263275 777.1891479 238.2281342 1.4981205 1.6976629 3.9243565 3.4598505 1.7677267 20.9650841 1.6060675 0.8121416 
Car -1.0000000 -1 1.8902899 411.6831055 184.9597321 491.1912842 232.4394836 1.5515275 1.7105018 3.9655521 -5.6253357 1.9770499 25.5056343 1.6732125 0.8600989 
Car -1.0000000 -1 1.7645706 490.1720276 177.9223175 529.9624023 209.1750031 1.5732123 1.8347234 4.3155451 -5.7938557 2.0030453 41.8278503 1.6269298 0.7693642 
Car -1.0000000 -1 -1.6793831 681.6898804 179.8343964 730.0625000 225.3779144 1.5015317 1.7880946 4.0666513 3.5393574 1.8136809 27.0701637 -1.5493730 0.7622894 
Car -1.0000000 -1 -1.6537206 658.3253174 179.4445190 698.8353882 213.1498108 1.5463132 1.8030307 3.9999373 3.3185542 1.8079093 34.3318863 -1.5573590 0.7853153 
Car -1.0000000 -1 1.8085663 549.3921509 174.8852081 574.5802002 196.4883118 1.6170641 1.8051151 4.2715163 -3.2448103 1.6378180 54.6513519 1.7492630 0.4595182 
