Car -1.0000000 -1 -2.0292644 792.7938232 183.1424408 1383.9660645 525.6351318 1.5430849 1.7340064 4.1630945 2.7284017 1.6703124 5.5255470 -1.5706056 0.8352141 
Car -1.0000000 -1 3.4569335 227.3972168 170.7354431 434.0282593 241.3979797 1.4618285 1.9371120 4.3058052 -6.3131113 1.4265599 17.0450325 3.1022208 0.6969405 
Car -1.0000000 -1 -0.2575050 747.9677124 181.8488922 885.5864258 230.3824310 1.5163763 1.4922830 3.7626228 6.7441373 1.8403260 23.6565971 0.0202127 0.6102619 
Car -1.0000000 -1 3.4604666 301.8828125 174.5684509 470.7675781 233.8903656 1.4760587 1.8216196 4.2934999 -6.0388660 1.4394158 18.2271595 3.1405368 0.3636031 
Car -1.0000000 -1 3.3293399 410.3041992 167.1858063 503.2924500 219.1841583 1.6473196 1.8781292 4.1835575 -5.6386080 1.5796552 24.5532112 3.1036053 0.5597309 
Car -1.0000000 -1 3.3307765 378.2093201 175.3198547 502.7155151 224.1048737 1.6032258 1.6992745 4.2939816 -5.6786456 1.5534868 24.4942265 3.1029649 0.6163295 
Car -1.0000000 -1 -2.8774191 350.3639526 171.2815857 479.3192444 225.3926086 1.5876993 1.6824526 4.3783655 -5.8057017 1.4822049 22.9829426 -3.1248519 0.3803332 
Car -1.0000000 -1 0.1432715 468.3966675 170.6028137 545.4318848 201.8616486 1.5974656 1.6651790 4.0030594 -5.6993370 1.5773007 40.1511688 0.0022665 0.3925766 
Car -1.0000000 -1 -1.6995470 638.4667358 179.3321991 666.5963135 201.5285034 1.4845902 1.6760200 3.7110868 2.8387802 1.8529783 48.9071274 -1.6415677 0.8057366 
Car -1.0000000 -1 -0.1184118 690.8839111 178.0825348 778.1107788 209.9551239 1.5621682 1.8882816 4.1028953 6.1568766 1.9154252 35.5250053 0.0531946 0.5415640 
