Car -1.0000000 -1 -1.9132184 792.3697510 187.1553192 997.9922485 317.0744934 1.5309080 1.6833502 3.8772182 3.8564818 1.7496194 10.5402327 -1.5624654 0.8542152 
Car -1.0000000 -1 -1.7857157 741.7322388 180.9597778 846.6562500 261.5993042 1.5399101 1.6541833 3.9940109 3.9425511 1.7364012 16.2299557 -1.5474133 0.8702378 
Car -1.0000000 -1 -2.1769235 913.5751953 183.3444519 1611.7321777 566.1533813 1.6097257 1.7763853 3.9818983 3.8520863 1.6939170 5.2833481 -1.5469334 0.8143282 
Car -1.0000000 -1 1.8634091 323.8636475 186.8668365 454.2843323 271.2012634 1.5550374 1.7097526 4.0477238 -4.6106763 1.8512739 15.4769211 1.5738740 0.8655455 
Car -1.0000000 -1 1.7934333 414.3784180 184.2567596 498.5859375 242.6200562 1.5898274 1.6679394 3.7993639 -4.4256935 1.8483392 21.0799294 1.5864908 0.8482539 
Car -1.0000000 -1 -1.7589082 708.3807373 180.2738037 780.6291504 235.9277039 1.4959211 1.6979699 3.9396687 3.9358208 1.7361313 21.5096607 -1.5779310 0.8210077 
Car -1.0000000 -1 1.7430946 530.4664917 179.0333405 567.4775391 206.9425812 1.5151820 1.6902150 4.2489810 -3.4938707 1.9564166 42.6521683 1.6613617 0.8265782 
Car -1.0000000 -1 1.7662248 461.3028870 183.0671082 523.3301392 226.9262085 1.4190725 1.6159458 4.1876111 -4.3070312 1.8188283 26.5936737 1.6056620 0.8478497 
Car -1.0000000 -1 -1.7480978 695.9600220 178.5518341 752.4549561 224.4172821 1.5810078 1.5940573 3.9197304 4.1718702 1.7675029 26.8444958 -1.5939224 0.6906847 
Car -1.0000000 -1 -1.7354006 689.5326538 177.3734741 735.9640503 216.6244507 1.6171978 1.6557928 3.9101639 4.4784231 1.8142800 32.3845062 -1.5979831 0.6385115 
