Car -1.0000000 -1 -1.7671011 686.7089844 167.5711060 794.1793213 254.1720276 1.6045097 1.6935835 3.6544733 2.7499967 1.5597460 15.6786642 -1.5934699 0.8642775 
Car -1.0000000 -1 -2.8073940 360.0305176 171.7300720 498.5867004 221.5405731 1.6716005 1.6634362 4.3688431 -6.0859957 1.5853505 24.4546642 -3.0513074 0.6077358 
Car -1.0000000 -1 -1.9686474 771.9564819 191.0346222 1207.2164307 432.9306641 1.5374179 1.6286513 4.0249424 2.7596247 1.6364363 6.5177846 -1.5681335 0.8919298 
Car -1.0000000 -1 -1.6731967 656.7363281 173.9405670 705.3596191 212.5057678 1.5096341 1.7173018 4.1709180 2.7430072 1.4933932 29.4007626 -1.5801688 0.8208981 
Car -1.0000000 -1 0.4019341 311.1149292 156.7091827 403.3132935 243.2112885 1.8290099 1.4519566 3.8134847 -6.2020426 1.5560648 18.5697308 0.0795956 0.5663037 
Car -1.0000000 -1 3.2947768 419.0361328 169.3185272 490.3505249 217.1536560 1.7563764 2.4534883 3.8879702 -6.1225739 1.6583595 24.5482159 3.0503534 0.3993300 
Car -1.0000000 -1 -2.8612087 445.7982483 169.5995941 492.9636841 208.4318695 1.6836848 3.3127646 2.5957608 -5.6886325 1.4973869 30.4940224 -3.0456378 0.2755911 
Car -1.0000000 -1 0.3702890 461.8010559 168.8161774 499.4367371 202.5132751 1.6813655 3.6434674 2.2528410 -5.5879860 1.4552476 34.8878021 0.2114678 0.3062153 
Car -1.0000000 -1 0.3206813 475.4408875 165.7799683 507.6070557 197.1634979 1.7895111 3.7286947 1.8031666 -5.8246202 1.3140011 40.1194916 0.1765068 0.2677349 
Car -1.0000000 -1 -1.6567553 625.7546997 171.0237274 648.4777832 189.9778290 1.6203556 1.7385244 3.8112175 2.3026083 1.4109505 60.7448349 -1.6188672 0.6084953 
