Car -1.0000000 -1 -2.1465061 841.4488525 166.9763641 1481.2639160 541.9882812 1.7121885 1.6938419 3.6083314 2.8386283 1.6004891 4.6220813 -1.5957507 0.7339104 
Car -1.0000000 -1 0.4456517 177.1233978 177.2583313 408.8120117 266.3431396 1.5951791 2.0194454 4.2827816 -5.7709227 1.6842995 14.1287212 0.0578793 0.6337560 
Car -1.0000000 -1 3.4494739 250.8197937 173.7998505 449.6069946 250.9477692 1.5853159 1.7826916 4.4046264 -5.7843223 1.7072048 16.2193680 3.1069043 0.5394276 
Car -1.0000000 -1 -1.6218842 689.5413208 181.7326660 771.8021851 244.4866333 1.4930706 1.7022762 4.0519876 3.0171778 1.6507397 18.3502178 -1.4589204 0.7163054 
Car -1.0000000 -1 1.9539544 389.5862122 172.7783661 439.6101990 230.8499146 1.7381177 2.0478189 4.2241735 -5.9368348 1.6772255 23.2989216 1.7044524 0.4035914 
Car -1.0000000 -1 -2.5190111 15.3027353 187.1755981 311.2508850 290.8861084 1.4712523 1.6701626 4.0730095 -6.9996824 1.6724526 11.4103270 -3.0692627 0.6328944 
Car -1.0000000 -1 3.3161319 408.9697266 173.4592590 488.8105774 218.3072815 1.7363133 1.9425573 4.1221123 -6.3638158 1.6257933 27.5858765 3.0894073 0.4459604 
Car -1.0000000 -1 3.8212700 -151.8179932 155.7706604 238.8640900 331.5641785 1.8157430 1.7096090 4.1711187 -6.8158622 1.7180855 8.1887655 3.1271164 0.3909182 
Car -1.0000000 -1 -0.3995762 738.2946167 173.4762878 871.6397095 221.9842682 1.5647466 1.6632876 4.1315179 6.1852574 1.5883733 23.7976208 -0.1452918 0.7096343 
Car -1.0000000 -1 -2.8718428 421.9269104 173.9089966 506.4463196 213.3812103 1.6594479 1.7726644 3.9556961 -6.2134385 1.6468627 32.4762421 -3.0608809 0.4343840 
Car -1.0000000 -1 9.5626595 454.0194092 176.6049805 528.3320312 208.6503143 1.5832914 1.6094003 4.3146143 -5.9185653 1.6937791 42.6526375 9.4247780 0.3983147 
Car -1.0000000 -1 -1.6472686 635.8101196 175.0232849 662.4356689 197.7706604 1.5610418 1.6425867 3.9707477 2.6687083 1.6710302 50.2323227 -1.5941912 0.7886814 
