Car -1.0000000 -1 2.1979685 -192.1607513 215.8292847 237.1113739 405.7174377 1.5412598 1.6276393 3.8325250 -5.9562507 2.0230165 7.9557486 1.5553175 0.8449709 
Car -1.0000000 -1 2.0025724 176.2128601 202.1838074 354.2168884 302.6445007 1.5517932 1.6111066 3.8763416 -5.9926314 2.0448847 12.8061514 1.5648924 0.8489832 
Car -1.0000000 -1 8.8635163 935.2888794 140.8312988 1190.0815430 222.3214264 1.6841766 1.6121525 4.5211115 9.1501217 0.9444000 14.5538378 9.4247780 0.7833230 
Car -1.0000000 -1 1.8745438 316.3172302 194.8049927 429.9147339 259.6141968 1.4875870 1.6811609 4.1494875 -6.0390348 2.0288670 18.7133064 1.5623814 0.8852531 
Car -1.0000000 -1 -1.5884437 688.3090210 174.6535034 764.1193237 233.3458099 1.4796016 1.6847130 3.7957857 3.3269801 1.6015308 20.9937553 -1.4312760 0.6973458 
Car -1.0000000 -1 -1.5905379 672.2249756 175.0878296 730.5216675 221.2043152 1.5791172 1.8339299 3.9592044 3.5136127 1.7137270 26.3623199 -1.4580371 0.7400589 
Car -1.0000000 -1 1.8701433 409.0907288 188.9094696 482.1701660 234.3710480 1.5751348 1.7248887 4.1540461 -5.8913546 2.0681293 26.1714973 1.6487283 0.8395462 
Car -1.0000000 -1 1.7528282 452.4631653 185.3429108 504.6546021 223.0137634 1.5783473 1.5731587 3.8631866 -5.8370538 2.1716695 32.5553474 1.5754169 0.6587719 
Car -1.0000000 -1 1.7610747 492.4876099 184.6219330 531.2045898 211.0185852 1.6326014 1.5795410 3.9542141 -5.6822648 2.1762629 42.2429848 1.6273634 0.7618845 
Car -1.0000000 -1 1.7931601 520.3626709 179.5454712 548.9682007 200.8818207 1.5031098 1.6590745 3.9167695 -5.6614113 2.0743027 54.7683640 1.6901559 0.6085602 
Car -1.0000000 -1 2.6745914 858.3743896 152.5748901 1017.0972900 210.1654510 1.6526567 1.8037852 4.2448025 8.3145819 1.0570678 22.4492855 3.0292983 0.4962878 
Car -1.0000000 -1 -1.5411732 598.0989990 173.3865509 614.7774048 193.5150909 1.4583460 1.6623715 3.6686206 -0.4523063 1.6803963 64.8120270 -1.5481519 0.5980181 
