Car -1.0000000 -1 3.4841436 161.3952026 166.7234344 384.5310364 266.8097229 1.8137679 1.8105990 4.1015148 -6.6987228 1.7552173 15.2529230 3.0703270 0.6419551 
Car -1.0000000 -1 -0.9276401 1059.5174561 171.2873535 1710.3406982 388.2850952 1.5578648 1.6060244 4.1256623 6.1497631 1.5935222 6.3119636 -0.1552571 0.6736475 
Car -1.0000000 -1 3.6720564 -7.5689144 185.7558136 315.2158813 300.8756714 1.6511286 1.8188037 4.1282606 -6.7628617 1.8024017 10.4498110 3.0976694 0.6214433 
Car -1.0000000 -1 -0.7581240 941.1637573 189.2860870 1322.8165283 328.6223755 1.4876939 1.6830488 3.8410006 6.1566014 1.6614821 8.6654329 -0.1404002 0.5749228 
Car -1.0000000 -1 3.8028911 -205.7820587 193.0167847 250.0834808 341.6675720 1.5985870 1.6516120 4.2410440 -6.4717050 1.7790170 8.2586060 3.1382108 0.6858437 
Car -1.0000000 -1 -0.3576153 733.2532349 181.2267151 892.0954590 236.5911407 1.7239422 1.7227132 3.9563527 5.4764004 1.7015504 20.3195457 -0.0943566 0.5801600 
Car -1.0000000 -1 -1.6757365 634.8153076 179.9177246 676.7193604 213.5037994 1.6644905 1.6949152 3.8813000 2.0464737 1.8213876 34.1864395 -1.6159457 0.8811245 
Car -1.0000000 -1 9.1106570 782.7061768 183.4148407 961.9984741 253.4955292 1.6551044 1.6913922 3.9806323 5.4806204 1.7306559 16.8698139 9.4247780 0.5882116 
Car -1.0000000 -1 -0.5077351 848.3357544 186.1708832 1117.9606934 286.9597168 1.5414288 1.6516612 4.0419769 6.0716844 1.7432278 11.5667458 -0.0243462 0.6776058 
Car -1.0000000 -1 3.5157090 229.6892700 174.3025818 425.3466187 250.2619934 1.8342222 1.7567242 4.1449103 -6.7600904 1.7498744 15.4968033 3.1043694 0.6339695 
Car -1.0000000 -1 3.7463099 -637.1636963 196.5976105 59.9293098 421.1471863 1.5017427 1.8146031 4.1830316 -6.4680901 1.7433908 8.1179934 3.0735478 0.5003174 
