Car -1.0000000 -1 -1.7592175 688.3782349 177.0907135 812.4097900 262.4349976 1.4595636 1.6304454 3.8917179 2.6408770 1.5805820 14.5921879 -1.5801766 0.8966815 
Car -1.0000000 -1 0.4939549 34.5678864 171.8835297 318.2644653 276.8631592 1.5989197 2.0991230 4.0135808 -6.6734152 1.4726284 11.9041739 -0.0169859 0.5546231 
Car -1.0000000 -1 -2.7672119 433.9927979 166.3998718 494.7091980 210.6773071 1.5582383 2.6397140 3.6300066 -6.0903435 1.3758988 26.7331734 -2.9912086 0.3471239 
Car -1.0000000 -1 0.7284869 -235.5634003 168.5099792 261.2042847 353.8973083 1.7465580 1.8287215 4.0594044 -6.1025686 1.6644989 7.8906217 0.0701803 0.5586217 
Car -1.0000000 -1 -2.8410326 462.0611572 165.5021210 513.7568970 205.6161499 1.4633651 2.2930918 3.7559633 -5.7785492 1.2433946 32.9747772 -3.0145125 0.3586997 
Car -1.0000000 -1 0.4630975 272.2965393 170.5814819 444.2745056 238.3660889 1.6692389 2.0411804 4.4383774 -5.5853381 1.3784965 16.6695633 0.1397919 0.4797453 
Car -1.0000000 -1 3.2754911 385.1365051 170.3848114 481.6201172 215.6931458 1.3456779 1.7513406 4.1646152 -6.0177202 1.2300011 25.4087543 3.0429395 0.4783339 
Car -1.0000000 -1 -1.6304305 631.9100952 169.9703827 653.9491577 189.0173187 1.5922043 1.6840010 3.7945833 2.6659365 1.2520614 58.2876129 -1.5847248 0.6546129 
Car -1.0000000 -1 -0.5745492 759.1267090 174.5279388 927.1432495 241.6156464 1.5915368 1.8822342 4.0010076 6.0843668 1.6173894 19.8115520 -0.2765805 0.5213685 
Car -1.0000000 -1 -2.8941016 489.8125610 162.3432007 521.3955078 201.3202972 1.5979561 2.2951698 3.4065518 -5.9112024 1.2413558 40.8356590 -3.0378590 0.3340084 
