Car -1.0000000 -1 -2.0191911 801.3710938 201.3742371 1262.5369873 477.7203979 1.5469817 1.7006627 3.8792810 2.9621308 1.7480808 6.2378259 -1.5758522 0.8525183 
Car -1.0000000 -1 -1.7828359 723.7137451 182.3004150 896.2103882 298.9515686 1.6530285 1.6648778 3.6050684 2.9430513 1.7753149 11.6024113 -1.5344168 0.8207772 
Car -1.0000000 -1 3.5542631 161.4440308 171.9431000 408.9413452 260.6912537 1.7455304 1.8688517 4.4757981 -6.5651140 1.7618375 14.4307232 3.1273087 0.5794234 
Car -1.0000000 -1 0.3640682 320.2306519 173.5175781 474.4023132 228.8341370 1.4917690 1.9960318 4.0514364 -6.2851090 1.5228496 22.1248112 0.0872846 0.7410688 
Car -1.0000000 -1 -1.6862991 669.3253784 178.1477203 731.4841919 226.8696136 1.4571775 1.6490546 3.7327652 2.8357759 1.6574593 23.6094112 -1.5667597 0.8643663 
Car -1.0000000 -1 -1.6569370 646.9278564 173.1851654 693.4631958 211.6712189 1.6290940 1.7131455 3.6807678 2.7996745 1.6512030 33.6205711 -1.5738560 0.7991779 
Car -1.0000000 -1 0.6874930 -267.2392273 160.5134277 261.7778625 361.5659180 1.8743170 1.8895979 4.5020618 -6.0827670 1.6079104 7.5458250 0.0090374 0.7134135 
Car -1.0000000 -1 -2.8262987 388.0200195 167.2707214 501.8598022 216.8124237 1.8274440 1.7988553 4.1492629 -6.1138520 1.5248487 27.5539608 -3.0446477 0.6312491 
Car -1.0000000 -1 0.5679008 18.7178993 166.7723694 367.2085571 292.9498291 1.8053331 1.8664571 4.2914252 -6.2272420 1.6716238 11.3120041 0.0646749 0.4339137 
Car -1.0000000 -1 3.7407750 -713.2708130 176.7941437 79.6177673 435.4857483 1.7560885 1.7890724 4.2667317 -5.9214158 1.6060328 7.1807885 3.0512016 0.5752635 
