Car -1.0000000 -1 -1.9786020 828.5739136 188.5534668 1118.2928467 358.1914062 1.5998225 1.6808534 3.7695165 3.7752120 1.7387084 8.3851156 -1.5555587 0.8607958 
Car -1.0000000 -1 1.8943865 264.9297791 188.7167969 429.5623474 290.2501831 1.5545967 1.7248359 4.0425858 -4.6834097 1.8363314 13.3378878 1.5567002 0.8612538 
Car -1.0000000 -1 -1.8115679 756.3980103 181.2859955 886.4368896 275.3796387 1.5501870 1.6385667 4.1113253 3.8658140 1.7235022 14.0476074 -1.5430216 0.8645633 
Car -1.0000000 -1 1.8014082 388.8741760 185.1311646 483.6952209 249.5289764 1.5568269 1.6707361 3.9491096 -4.5357141 1.8506325 18.9308796 1.5662477 0.8647778 
Car -1.0000000 -1 -1.7727116 714.3795776 180.2000580 801.9341431 243.7417450 1.5232892 1.6574723 3.8481455 3.7835166 1.7193205 19.2085609 -1.5782309 0.8312140 
Car -1.0000000 -1 1.7622078 521.6614380 178.7133484 561.9844360 208.9021149 1.5183219 1.7256129 4.1425314 -3.7299280 1.9184653 40.6585846 1.6707261 0.8227443 
Car -1.0000000 -1 1.7836368 442.9569092 184.2820587 512.8000488 231.9054871 1.3849568 1.6544927 4.1849713 -4.4347267 1.8044895 24.2762890 1.6029518 0.8447190 
Car -1.0000000 -1 -1.7323211 690.6917114 177.0418396 741.5978394 219.0072479 1.6210114 1.6672637 3.9438477 4.3208733 1.7994587 28.8678436 -1.5837463 0.6840087 
Car -1.0000000 -1 -2.2830392 966.7913208 183.0048981 2582.1457520 1031.6409912 1.6311867 1.6877397 3.5933421 3.7520556 1.6749556 3.3585072 -1.4423504 0.7295952 
Car -1.0000000 -1 -1.7386309 684.1150513 177.7693024 724.1373291 211.1551208 1.5629201 1.6155365 3.8441637 4.5501289 1.7849008 34.8091888 -1.6086515 0.6331843 
Car -1.0000000 -1 -1.7356549 695.2652588 177.4988251 753.1590576 225.0804749 1.5756906 1.6428612 3.8490436 4.1378560 1.7643155 25.3946781 -1.5741326 0.7226506 
Car -1.0000000 -1 -0.1510915 557.8745117 175.0441132 594.3563843 190.5829010 1.3152170 1.5769391 4.2274089 -2.9669678 1.6844018 76.4518127 -0.1898804 0.3689319 
Car -1.0000000 -1 -2.3239095 1204.1520996 169.8676910 1404.7102051 234.1173706 1.5734208 1.7480131 3.8390169 18.0969009 1.7145314 22.0813293 -1.6373570 0.2620300 
