Car -1.0000000 -1 0.5932696 -82.7307358 186.5896149 297.6062317 324.1875610 1.5479200 2.0327258 4.2403259 -5.8313899 1.6936756 9.2697840 0.0317453 0.5653684 
Car -1.0000000 -1 -1.7021454 711.0335693 186.9327393 836.7935791 277.8460083 1.5017114 1.7731376 3.9149797 3.0100036 1.7390572 13.5920172 -1.4842088 0.8154583 
Car -1.0000000 -1 0.4549723 240.7301788 176.5187073 439.0941467 256.4682922 1.6485492 2.0167754 4.3343062 -6.0336347 1.7431151 13.8232784 0.0434153 0.3836558 
Car -1.0000000 -1 0.5470460 101.3966217 180.9405365 387.2996216 290.0839233 1.6875042 1.9929084 4.2777748 -5.7161832 1.7542262 11.3022919 0.0788055 0.6754542 
Car -1.0000000 -1 -2.8392971 342.7942505 180.8302917 470.5156555 230.9790344 1.6608771 1.6926798 4.1239028 -6.3066440 1.6986201 22.4523067 -3.1131315 0.4745454 
Car -1.0000000 -1 -0.4477437 773.7717285 178.2927551 953.2527466 239.7978668 1.6098825 1.7062740 4.2446966 6.4368701 1.7353275 18.9192142 -0.1197997 0.7158775 
Car -1.0000000 -1 -2.2597838 -554.3225098 199.3080902 87.6877670 401.0169678 1.4970015 1.7911620 3.9703727 -7.1328692 1.8059834 6.2251611 -3.1130300 0.4586916 
Car -1.0000000 -1 -1.6721184 637.9332275 180.4054565 667.2861328 205.4298859 1.5864329 1.7543869 4.0876765 2.5966177 1.9172841 45.7726173 -1.6154505 0.8243611 
Car -1.0000000 -1 -0.2169465 697.1936646 178.3201904 789.3104248 213.9276123 1.5127374 1.9055837 3.8706770 5.9261560 1.6424454 32.4985657 -0.0365770 0.5153138 
Car -1.0000000 -1 3.3593306 402.2484436 177.1465759 482.2047729 224.5684967 1.6884121 2.0989928 4.0344553 -6.2483444 1.6925702 26.9951000 3.1318739 0.3591997 
Car -1.0000000 -1 0.5316663 178.8848572 178.7334595 417.5433350 270.5361328 1.7024196 1.9504271 4.3747492 -5.8052630 1.7589781 11.4715681 0.0631852 0.6008380 
Car -1.0000000 -1 3.3802899 382.1477356 180.2447052 476.8345032 227.0991058 1.6245514 1.9364173 4.0751700 -6.4315290 1.6391708 24.4365387 3.1229332 0.3163542 
