Car -1.0000000 -1 -2.0456850 814.4058838 169.3031158 1299.9417725 464.3871155 1.6737723 1.6826371 3.3884439 2.8474100 1.6258401 5.6212564 -1.5768164 0.7852205 
Car -1.0000000 -1 -1.6185707 685.0324097 182.8567963 762.8061523 242.1793213 1.4446498 1.6213635 4.0417447 2.9691188 1.6630490 19.3240814 -1.4661143 0.7226660 
Car -1.0000000 -1 0.4153792 264.9719849 174.1285553 369.3779297 260.6029358 1.5667062 1.8826425 4.5090222 -6.4150791 1.7365385 19.2665005 0.0939597 0.3194050 
Car -1.0000000 -1 3.4091487 268.9559326 176.5346222 463.5280457 248.3309174 1.5826836 1.7685643 4.4011374 -5.8231258 1.7676613 17.3855915 3.0859531 0.4981034 
Car -1.0000000 -1 3.2936987 421.5495300 173.8670654 483.4896240 218.8662720 1.7082664 2.1746478 3.7849555 -6.2616773 1.6725359 29.2110691 3.0825346 0.4288804 
Car -1.0000000 -1 0.3265539 368.0927124 176.9439697 490.4726868 226.7686920 1.6182986 1.6892860 4.3514814 -5.8663969 1.6413401 22.5629864 0.0721850 0.5240574 
Car -1.0000000 -1 -2.5918255 72.7622910 188.6682892 331.2444763 282.3789673 1.5759903 1.7003881 4.1019888 -7.1203518 1.7460181 12.3064566 -3.1163511 0.5978379 
Car -1.0000000 -1 10.0695939 -41.1199989 162.7837524 284.5550232 309.9727173 1.8278648 1.6994996 4.1785913 -6.9241943 1.7403926 9.2070131 9.4247780 0.3786562 
Car -1.0000000 -1 -0.4347485 732.6939087 174.0428162 854.5007935 221.2100220 1.6198591 1.5879724 4.0809236 6.0627890 1.6983308 24.6028423 -0.1931360 0.6409233 
Car -1.0000000 -1 -2.8777631 428.8589478 175.5394897 513.4067383 211.9923553 1.6484181 1.7174489 4.0178566 -6.3348861 1.7046106 32.9099579 -3.0679286 0.4638164 
Car -1.0000000 -1 -2.9605833 460.6489258 177.6847382 529.3435059 207.9507446 1.5682819 1.5518912 4.2442126 -6.0448713 1.7641439 40.8285255 -3.1075706 0.3935271 
Car -1.0000000 -1 0.7592506 -187.3997192 151.3757324 171.8465271 378.3945007 1.7419649 1.8350515 4.5627074 -6.3302240 1.7671244 7.1818032 0.0367930 0.5702593 
Car -1.0000000 -1 -1.6404802 634.1688232 177.4659729 660.5721436 199.2851562 1.5851167 1.6841705 4.0777669 2.7010913 1.7179431 50.6154289 -1.5871658 0.7297924 
