Car -1.0000000 -1 0.6525024 -128.0289001 189.8907166 288.0049133 323.2676392 1.5811090 1.9030862 4.1307373 -6.4975410 1.6916634 9.1061192 0.0327498 0.7698748 
Car -1.0000000 -1 -1.8197887 719.6314697 190.2592926 907.4063110 308.8649292 1.4932237 1.6673839 3.8392580 2.7069809 1.7335669 10.7900591 -1.5739845 0.9051966 
Car -1.0000000 -1 9.8467811 154.2650757 170.6624603 407.5527039 270.6937866 1.8822268 1.7286148 3.9998739 -6.2788196 1.8010877 13.9847126 9.4247780 0.7239870 
Car -1.0000000 -1 -1.6924726 659.0093384 178.5732574 739.3640137 240.0077820 1.6228257 1.7152269 3.8611224 2.5314841 1.7877133 21.4582520 -1.5750428 0.8764422 
Car -1.0000000 -1 -1.6803552 649.0363159 178.2742615 704.8979492 224.0936432 1.5422057 1.6663089 3.7017567 2.5908029 1.7934968 27.1728001 -1.5852971 0.6693456 
Car -1.0000000 -1 3.3595296 318.0361328 186.1231232 470.9928589 238.4414215 1.4486374 1.5805045 4.0076170 -6.3866463 1.8463515 21.8032951 3.0745798 0.6439856 
Car -1.0000000 -1 -1.6564835 640.0808716 178.6599121 683.8919067 214.5527344 1.5984218 1.6447135 3.7186885 2.4158692 1.8110832 36.0589905 -1.5895858 0.6244966 
Car -1.0000000 -1 3.2930226 457.7652588 176.6262512 516.0927734 216.2250366 1.6424465 1.8195362 3.7920604 -6.0126915 1.9331313 34.4469604 3.1202143 0.3363893 
Car -1.0000000 -1 -2.9305472 439.2738342 183.4600372 490.2525024 218.4723511 1.6352347 2.0324244 3.5817885 -6.2112665 1.9260440 32.3723145 -3.1201131 0.3646454 
Car -1.0000000 -1 -1.6186059 631.5869141 180.2929077 661.7567749 206.2319641 1.6576484 1.7495480 3.5831685 2.2596054 1.8838314 46.7122269 -1.5702707 0.4993334 
