Car -1.0000000 -1 -1.9447692 808.6062012 188.4255066 1051.0388184 333.7454834 1.5997343 1.6533482 3.7824740 3.8041689 1.7411059 9.4450750 -1.5618794 0.8597638 
Car -1.0000000 -1 -1.7969818 747.2932129 181.2318878 865.2341309 268.2057495 1.5626495 1.6302564 4.0167093 3.9010797 1.7505634 15.1568851 -1.5450693 0.8716510 
Car -1.0000000 -1 1.8818287 297.0601807 187.3173828 443.2558594 278.9396362 1.5710837 1.7365892 4.1286759 -4.6654816 1.8536193 14.4553356 1.5696318 0.8769919 
Car -1.0000000 -1 -2.2336569 965.0466919 187.2120819 2039.0917969 734.7098389 1.6354672 1.6779221 3.9216449 3.7700748 1.6735662 4.2757330 -1.5110236 0.8149352 
Car -1.0000000 -1 1.7940710 402.4920349 185.6607056 491.5490723 246.4632111 1.5310591 1.6842580 3.9597251 -4.4840050 1.8571057 19.9992332 1.5735097 0.8579219 
Car -1.0000000 -1 -1.7707466 710.8855591 180.3204803 790.2371826 239.9017181 1.4667999 1.7043304 3.8925054 3.9119012 1.7131747 20.3739910 -1.5810505 0.8267962 
Car -1.0000000 -1 1.7440121 526.6314697 179.5233307 563.9377441 208.3682709 1.5240341 1.7288146 4.1958408 -3.6657624 1.9315664 41.7567215 1.6564480 0.8357153 
Car -1.0000000 -1 1.7551628 453.3033752 183.1994019 518.2278442 228.9493103 1.4293394 1.6376264 4.2251449 -4.3808846 1.8216478 25.4599400 1.5847617 0.8528471 
Car -1.0000000 -1 -1.7476304 695.3057861 178.3029175 752.3211060 225.1232147 1.5296268 1.5847479 3.8272233 4.1039305 1.7539555 26.1224937 -1.5918008 0.6638624 
Car -1.0000000 -1 -1.7404579 690.7283325 177.4098358 741.1233521 218.9187775 1.5876383 1.6099046 3.8629611 4.2765665 1.7759629 29.5112858 -1.5965468 0.5746473 
Car -1.0000000 -1 -1.7208242 684.1240234 178.0886688 724.6252441 211.2518768 1.5302188 1.6420915 3.8341286 4.5649743 1.8332106 35.6921844 -1.5936164 0.6302220 
