Car -1.0000000 -1 -1.8865066 625.3797607 208.9821777 903.3405762 369.7725220 1.5042615 1.6416498 4.2103090 1.4184442 1.9190083 9.1830826 -1.7332550 0.7903155 
Car -1.0000000 -1 -2.1365186 763.3325195 210.5404816 1666.8474121 702.8304443 1.5637019 1.6507802 3.6453013 2.5169439 1.7751191 4.4669776 -1.6234034 0.7175919 
Car -1.0000000 -1 1.8411884 173.7243652 216.6577606 302.8906555 308.1392212 1.4852598 1.6318420 3.8040705 -7.2422962 2.3661191 14.2899208 1.3721064 0.8059878 
Car -1.0000000 -1 -1.7672716 560.9649048 202.8872833 694.7883301 293.4826050 1.5121847 1.6361346 3.6150055 0.2398205 2.0862494 13.6543646 -1.7497097 0.7534260 
Car -1.0000000 -1 1.9273261 -55.6480637 223.1767883 241.6655884 417.8286133 1.5768367 1.6419654 3.8270459 -5.3161559 2.1176696 7.7483006 1.3259859 0.8104433 
Car -1.0000000 -1 -1.6265276 509.5306702 195.4588013 599.6679077 267.8784485 1.7146096 1.7169147 3.9965641 -1.3747426 2.2652490 18.6408939 -1.7001431 0.7085716 
Car -1.0000000 -1 -1.4835230 468.0762939 201.4491119 514.3053589 237.7351227 1.4692813 1.5519046 3.5260434 -4.7618637 2.6386087 29.6979809 -1.6425127 0.6393929 
Car -1.0000000 -1 1.7266368 286.1703796 198.2455750 356.8263855 256.5481873 1.7723908 1.7440056 4.1120276 -9.8309183 2.5437617 24.7786350 1.3489355 0.7983943 
Car -1.0000000 -1 2.3164760 -982.5610352 236.8936920 77.9059830 793.5803833 1.5182384 1.6351378 3.9861462 -4.2768188 1.8624203 4.0031228 1.4980346 0.3891548 
Car -1.0000000 -1 1.7505858 346.3418274 201.2543182 378.0849609 226.4049683 1.5499223 1.5759759 3.9640484 -15.5137472 3.2856295 45.0320091 1.4188148 0.6435509 
