Car -1.0000000 -1 -1.8539820 612.8651733 191.5541077 784.2717896 297.3884277 1.4853320 1.6504177 4.0801659 1.2610191 1.8038695 12.2972050 -1.7517940 0.8404877 
Car -1.0000000 -1 1.9074271 21.2096920 212.5484161 237.7656555 336.1486206 1.3303114 1.6638575 3.7126698 -7.1521931 2.0605152 11.1926546 1.3388182 0.8096569 
Car -1.0000000 -1 2.1427037 -360.4309998 219.4249115 134.8950500 483.0720825 1.4539611 1.7645677 3.9880524 -5.8952093 1.9997902 6.3712292 1.3960928 0.8375345 
Car -1.0000000 -1 -1.6853245 508.0172729 186.4936066 569.4097900 230.2203827 1.4302396 1.7243834 3.8322852 -2.7337089 1.9753499 26.6193314 -1.7876621 0.8650883 
Car -1.0000000 -1 1.8606662 330.0494995 189.6095276 374.8351135 221.9562378 1.4903814 1.6799774 3.9266977 -13.8935633 2.4118612 39.1223297 1.5194274 0.6248305 
Car -1.0000000 -1 -1.6136609 498.5458984 185.8507996 543.1131592 222.0722046 1.5561693 1.6654434 3.9130311 -4.1055598 2.2094223 32.8513718 -1.7379900 0.6517958 
Car -1.0000000 -1 2.1417254 131.5492401 197.0805817 181.7860565 227.3234863 1.2358664 1.7144225 3.8352778 -24.7320232 2.7191813 38.7871513 1.5740921 0.3559658 
Car -1.0000000 -1 -2.0895388 808.2944946 133.6369781 1439.6236572 527.7692261 1.8266983 1.8523444 4.0348473 3.0072179 1.5525632 5.1142807 -1.5579865 0.7437277 
Car -1.0000000 -1 -1.4194831 489.1374512 183.7669067 510.2732849 203.9917297 1.5240674 1.7117414 3.8849223 -8.2893009 2.4213452 55.4313812 -1.5679247 0.4258791 
Car -1.0000000 -1 2.9011875 700.8653564 169.8031616 808.7124634 216.8182983 1.6796162 1.7300687 4.3043141 5.4427056 1.5247681 27.8709526 3.0940428 0.5560743 
