Car -1.0000000 -1 -1.9657953 814.4586792 180.6868896 1062.0391846 333.5473633 1.6408106 1.6741982 3.6897352 3.9391084 1.6942647 9.5358477 -1.5740606 0.8696231 
Car -1.0000000 -1 -1.8082782 754.3400269 180.2158203 873.3899536 269.5923462 1.6076063 1.6711524 3.7458937 3.9970129 1.7402260 14.6559973 -1.5420310 0.8314411 
Car -1.0000000 -1 1.7993203 396.6388550 184.3712311 492.4005432 248.4248657 1.5484498 1.7369823 3.9746876 -4.4484668 1.8773119 19.7291451 1.5775520 0.8701226 
Car -1.0000000 -1 -1.7548892 722.3766479 177.9603577 800.4979858 240.1516876 1.6029315 1.6571311 3.7612305 4.1395717 1.7353296 20.4857292 -1.5555031 0.8605253 
Car -1.0000000 -1 -2.2920938 967.4586182 181.3223114 2500.4118652 978.2754517 1.6179670 1.7300043 4.0046029 3.7977884 1.6902701 3.7668335 -1.5026037 0.7203063 
Car -1.0000000 -1 1.7651673 456.3479614 182.1807709 523.1970825 229.5513000 1.4589787 1.6360992 4.0413742 -4.1053433 1.7761149 25.5010109 1.6055493 0.8692702 
Car -1.0000000 -1 -1.7464057 698.7315063 177.7513885 758.5376587 224.1285248 1.6013644 1.7290680 4.0066462 4.3219008 1.7567859 26.3651867 -1.5839262 0.7718748 
Car -1.0000000 -1 1.6976308 487.7987061 181.2030487 541.3849487 219.4300690 1.4786462 1.5666838 4.3190312 -3.9635682 1.8855141 32.0146561 1.5744528 0.7615903 
Car -1.0000000 -1 1.7722877 545.9250488 177.9508057 578.2787476 203.2221527 1.5469972 1.7815390 4.2859626 -2.9136641 1.9218409 47.0845680 1.7104850 0.8299409 
Car -1.0000000 -1 -1.7389496 685.7451782 176.8297272 723.6947632 208.9888916 1.6843379 1.6317799 3.9131937 4.8605504 1.8199738 36.2323265 -1.6055962 0.5209239 
