Car -1.0000000 -1 -1.8528856 722.1715698 166.0754700 966.1868286 327.0727844 1.6736469 1.7888671 4.2920580 2.7577505 1.5891088 9.7959013 -1.5784671 0.8862448 
Car -1.0000000 -1 0.4057619 239.3476562 170.0564270 458.0108337 249.9968567 1.8869557 2.0217130 4.2304974 -6.0199494 1.6339978 16.4492989 0.0549314 0.5968932 
Car -1.0000000 -1 3.7227005 -68.5227661 187.5898895 307.9746094 311.9354858 1.5142355 1.6911242 4.2260413 -6.3543892 1.6945884 9.3739080 3.1269746 0.6304117 
Car -1.0000000 -1 3.5563201 153.6599274 168.0956421 399.2546997 266.4631653 1.7473944 1.7086576 4.0868292 -6.4193501 1.6552619 14.1960630 3.1316446 0.4125635 
Car -1.0000000 -1 -1.7227615 672.8439331 175.6549683 750.0403442 235.0965729 1.6296508 1.6022104 3.5120769 2.7681487 1.6973586 20.9251308 -1.5912369 0.7904108 
Car -1.0000000 -1 -1.7107343 691.7714844 180.8754730 802.3201904 258.7346497 1.5614852 1.5984888 3.3873191 2.8343818 1.6724545 15.8638487 -1.5339307 0.7211210 
Car -1.0000000 -1 -1.6871960 648.8256836 174.8068237 692.3919678 210.6245117 1.4858031 1.6665667 3.6489134 2.6239090 1.5863104 33.1238899 -1.6081461 0.8084250 
Car -1.0000000 -1 0.2190352 400.9749451 173.1802216 513.3178101 212.4672546 1.5874201 1.6991850 3.8727524 -6.2762332 1.4851719 29.8499756 0.0117947 0.4402286 
Car -1.0000000 -1 0.4195925 339.2308655 165.4804688 440.2384644 237.4609985 1.9665484 3.3765156 2.9125984 -5.8403654 1.7040167 16.7363167 0.0838413 0.4394607 
Car -1.0000000 -1 3.4832306 75.4624939 180.9719391 349.4668274 280.8922119 1.4667709 1.7626377 3.6611950 -6.6567698 1.6260148 12.1259117 2.9811780 0.3885921 
Car -1.0000000 -1 -1.6606747 635.7707520 170.8215179 670.8711548 201.6510925 1.6388693 1.6650586 3.8446481 2.3826618 1.5791765 41.7082634 -1.6036099 0.6337084 
Car -1.0000000 -1 0.3570077 367.0700378 167.7207642 445.1360168 225.8772430 2.0981970 3.5273037 2.6882887 -5.6700869 1.7169082 18.2259140 0.0553985 0.3455756 
Car -1.0000000 -1 3.2903407 448.8551636 167.7647095 503.7705688 210.6584015 1.7457564 2.3151257 3.4457588 -6.4658165 1.5562904 30.4746437 3.0812707 0.4410024 
Car -1.0000000 -1 0.7591691 -294.8894958 181.0239410 236.1963501 368.1357422 1.4891901 1.7236565 4.1959238 -5.8635674 1.5956948 7.1177788 0.0700884 0.6556557 
