Car -1.0000000 -1 -2.0386775 369.6287842 193.3790131 494.7157593 265.4916382 1.4275092 1.4858053 4.0083084 -4.2779922 1.9068921 16.7277699 -2.2890530 0.7295354 
Car -1.0000000 -1 1.3249613 855.0953979 171.4727783 980.5018921 237.0450745 1.4562308 1.6435149 4.0153027 7.0854783 1.3804266 16.8956928 1.7220502 0.6900866 
Car -1.0000000 -1 -1.6090651 254.6372375 187.3007965 318.4858093 228.9057770 1.5010520 1.7519702 3.8666232 -13.1008482 2.0848475 29.0471611 -2.0327668 0.7351031 
Car -1.0000000 -1 -1.6366950 744.5876465 173.9181976 850.4172974 229.3899078 1.3753153 1.4816307 3.8359268 5.1125088 1.3811607 18.7580795 -1.3706082 0.5855623 
Car -1.0000000 -1 -1.8160610 508.5379028 155.2227478 814.9302979 328.3894653 1.8606334 1.8658979 4.1224203 0.5570187 1.6782199 10.2918186 -1.7619913 0.7037548 
Car -1.0000000 -1 2.0994117 30.5986004 190.2667542 84.7712555 224.9447632 1.3450556 1.8094722 4.0148106 -28.4292355 2.1936138 37.7534370 1.4539782 0.3482379 
Car -1.0000000 -1 3.0425272 432.5661316 176.1366577 532.8413086 216.9718628 1.5899682 1.3622595 3.7240024 -4.9065351 1.6519581 30.1458721 2.8811822 0.3166901 
Car -1.0000000 -1 -1.4555445 240.6377258 186.5262451 290.3684387 222.6693878 1.5205979 1.5544327 3.9663107 -15.8462849 2.1929550 33.4155350 -1.8983555 0.5923397 
Car -1.0000000 -1 2.0073057 395.2778015 181.8140411 471.1557617 212.4394531 1.5797690 1.6222502 4.0060167 -6.0759916 1.7637467 33.0600090 1.8255473 0.4150014 
Car -1.0000000 -1 2.1356988 -200.3795776 193.0043793 14.1889086 318.2737427 1.5086776 1.7051617 3.6492345 -11.2432976 1.6838229 13.5216904 1.4420429 0.2220872 
