Car -1.0000000 -1 -1.7260291 678.6441650 174.4797058 793.1802368 258.3821716 1.6772165 1.7315414 4.2980323 2.6747751 1.7217631 16.7256145 -1.5674510 0.8649205 
Car -1.0000000 -1 3.5996820 52.2885857 182.3270264 331.7860413 289.4721985 1.5044409 1.8297898 3.8041759 -6.4426928 1.6879044 11.4523067 3.0872414 0.7308219 
Car -1.0000000 -1 3.5050531 186.6774445 182.8961792 413.3692932 264.8620605 1.4951981 1.7459857 4.2639136 -6.2427864 1.6074531 15.5498381 3.1232805 0.5574344 
Car -1.0000000 -1 3.2766957 355.6931152 172.8840942 481.0377502 229.2903900 1.8027036 1.5634433 4.1373701 -6.3498607 1.7174848 23.3150654 3.0107947 0.4976802 
Car -1.0000000 -1 3.5139766 290.4117126 171.4573517 420.7009277 246.4033051 1.6539570 2.2921121 4.0799422 -6.2087030 1.6588143 15.8938017 3.1415679 0.4506176 
Car -1.0000000 -1 -1.6450139 652.3086548 179.5325012 710.7069092 222.9702911 1.5140480 1.6460826 3.6717112 2.6016154 1.7903540 25.4028797 -1.5429555 0.6301407 
Car -1.0000000 -1 0.3368368 458.3541565 175.6851807 494.3092346 207.7949677 1.6624542 3.6433878 2.1453414 -6.5591998 1.8854740 35.6379967 0.1548230 0.2739839 
Car -1.0000000 -1 -1.6220963 637.5328979 178.3367157 674.1357422 208.2178497 1.5884769 1.6202105 3.5229778 2.4355288 1.8328946 40.0263405 -1.5613230 0.7341649 
Car -1.0000000 -1 3.3542867 309.6259155 168.3290558 453.1883240 236.2248077 1.8092386 1.7965344 4.0091257 -6.4676995 1.6666706 21.2223206 3.0584694 0.5569514 
Car -1.0000000 -1 3.2467398 395.3574829 167.8239136 476.8922119 224.7335052 1.9151537 2.4715376 3.5655663 -6.2347655 1.7773664 24.0457344 2.9930390 0.4124650 
Car -1.0000000 -1 0.3457059 428.4133301 171.6606293 478.8457642 213.8787994 1.7229495 3.5895352 2.2356563 -6.0982733 1.8048466 29.8704071 0.1443158 0.3126383 
Car -1.0000000 -1 -1.6623910 628.1737061 176.1393738 656.8436279 202.1787872 1.6362844 1.7030343 3.8167095 1.9747357 1.8922144 48.4166985 -1.6216273 0.5427572 
Car -1.0000000 -1 -1.6068356 657.5092773 180.4813995 727.8215942 229.0418549 1.4690830 1.6391842 3.7432735 2.6134768 1.7594990 24.9755363 -1.5025736 0.5669470 
