Car -1.0000000 -1 3.8098252 -246.8414459 196.2952881 202.4178009 345.6138000 1.5664666 1.6638452 3.9487333 -6.9758186 1.7900422 8.1564999 3.1022931 0.7463199 
Car -1.0000000 -1 -1.6765441 700.2258301 186.8742218 804.3806763 263.0893860 1.5035169 1.7109400 3.8767672 3.0281019 1.7546273 15.2822018 -1.4809322 0.7910267 
Car -1.0000000 -1 0.5018562 64.1268234 185.8349915 351.0555420 294.7649536 1.5544385 2.0083663 4.0887671 -5.8572116 1.7244790 11.0443840 0.0142370 0.6281549 
Car -1.0000000 -1 0.4808346 175.2429199 177.4370117 427.0552063 272.6723938 1.6599240 1.9687628 4.2957392 -5.7269335 1.7522641 12.2736912 0.0442603 0.5768156 
Car -1.0000000 -1 0.3702884 294.2174683 178.2366638 462.2619324 246.0780945 1.6708906 1.9923866 4.3687229 -6.0782313 1.7298059 17.7852917 0.0409767 0.4437641 
Car -1.0000000 -1 0.4675591 388.1737061 179.2433319 464.8490906 228.7699585 1.6382055 2.7996759 3.7214694 -5.4827266 1.7485069 11.4765873 0.0218846 0.4216024 
Car -1.0000000 -1 -0.3743084 756.6560059 179.1398163 916.9440918 236.8075867 1.5693017 1.7676188 4.1147552 6.3239331 1.7486392 20.7923775 -0.0790517 0.7471815 
Car -1.0000000 -1 3.3067342 414.1925964 176.8276672 477.8893433 224.0780182 1.7987825 2.8997061 3.4740634 -6.1530576 1.7979752 25.4421501 3.0694454 0.2691962 
Car -1.0000000 -1 -1.6652961 637.6898193 180.7538605 665.5845947 204.4803619 1.6095455 1.7506144 3.9802058 2.6939182 2.0178237 47.9694023 -1.6091959 0.8128297 
Car -1.0000000 -1 -2.5139257 1084.1733398 207.5980682 2039.1439209 1144.7497559 1.6198933 1.6893327 3.7945962 3.3557041 1.6551450 2.2845874 -1.5408578 0.5644778 
