Car -1.0000000 -1 -2.2193426 868.2712402 205.2722473 2168.2788086 898.5738525 1.5335253 1.6375712 3.9221723 2.7308891 1.7307245 3.6574128 -1.5779746 0.7977069 
Car -1.0000000 -1 -1.6996464 669.6834717 178.8388519 748.1903076 239.3638000 1.5317445 1.5949039 3.5058053 2.6178770 1.7295969 20.3953152 -1.5719876 0.7709692 
Car -1.0000000 -1 -1.7232576 688.8727417 176.9299316 812.6744385 271.5485840 1.6294401 1.7053175 3.8307211 2.6643822 1.6747924 14.3921642 -1.5402027 0.8667662 
Car -1.0000000 -1 3.5363989 180.9717255 184.1563263 412.1030579 264.5191956 1.5659432 1.5459402 4.1522527 -6.2959013 1.7643296 15.0832853 3.1409753 0.6004651 
Car -1.0000000 -1 -2.5728032 82.4715424 186.1953735 346.9750366 291.2435913 1.6504158 1.9750850 4.1249533 4.9435577 -0.1318624 -7.1480799 -0.0362716 0.3031555 
Car -1.0000000 -1 -1.6577684 650.9652100 174.4502716 703.4279785 219.2742920 1.6311561 1.6240051 3.5273795 2.5823226 1.6585226 29.3733387 -1.5700800 0.6999667 
Car -1.0000000 -1 3.8607981 -340.2988281 155.2803192 215.7311554 380.9697266 1.8695832 1.7525569 4.1881762 -6.4508514 1.7787373 6.9748344 3.1144085 0.7023631 
Car -1.0000000 -1 9.7266131 292.7679138 184.9075775 428.5371399 248.1262970 1.4432892 1.5459909 3.7311754 -7.0264430 1.7517619 22.5678043 9.4247780 0.3460094 
Car -1.0000000 -1 0.6134398 -56.8232307 174.5901184 296.9435730 320.4886780 1.7166635 2.0457294 4.3249016 -6.3951077 1.7886784 9.5742416 0.0245497 0.6196558 
Car -1.0000000 -1 -1.6166517 638.3424072 176.5935516 670.7281494 203.5394897 1.5542191 1.7054776 3.8392346 2.5269561 1.7281902 41.6586456 -1.5560673 0.6233979 
