Car -1.0000000 -1 -1.1941626 226.0956421 182.8340759 421.5120850 308.3930359 1.5974671 1.6251310 3.7343202 -4.1116414 1.5176249 10.8244133 -1.5571775 0.8587846 
Car -1.0000000 -1 -0.7624526 -105.9333191 185.7052917 184.1867981 309.5807190 1.5064147 1.5799074 3.9905729 -8.3949976 1.4963011 10.4774361 -1.4379525 0.7618347 
Car -1.0000000 -1 -1.5116331 595.5799561 180.2812500 634.8297729 217.1954193 1.6698474 1.6944290 3.9301729 0.2641202 1.3842434 33.3941154 -1.5037241 0.8021315 
Car -1.0000000 -1 -1.3749813 438.1555176 186.4962616 509.1376343 234.3081818 1.4087740 1.6142448 3.7623632 -4.0460620 1.4192673 22.3457832 -1.5541066 0.8840527 
Car -1.0000000 -1 -1.4903817 493.6618652 185.1630554 540.0224609 219.6648560 1.4908205 1.5912863 4.0375609 -4.0416384 1.4788587 31.0457783 -1.6198368 0.6084869 
Car -1.0000000 -1 -2.1777866 919.2790527 167.4249725 2248.8103027 845.3821411 1.6169872 1.7116525 3.8452706 3.2481194 1.4391693 3.5659130 -1.4389927 0.7362107 
Car -1.0000000 -1 -1.3134119 413.5413208 182.5540771 461.0005188 214.4306030 1.4897740 1.6448147 3.6894546 -7.9074798 1.2883636 33.3443794 -1.5462564 0.4677255 
Car -1.0000000 -1 1.6090242 642.1242676 181.5818024 662.7488403 204.3536377 1.5846491 1.7174022 4.0244751 3.3741686 1.3683023 53.4695854 1.6720451 0.5331706 
Car -1.0000000 -1 1.6028722 532.6859131 181.4603119 554.9239502 203.7503662 1.5192913 1.5708263 3.7039316 -5.7376904 1.5245308 59.9142227 1.5073982 0.3736821 
Car -1.0000000 -1 -1.0692877 210.8932953 166.7565918 309.4817505 250.4228668 1.5119429 1.7656409 3.7468939 -8.7375202 1.3353887 17.9291248 -1.5227535 0.3094289 
