Car -1.0000000 -1 0.4232245 258.6848450 176.5703278 464.4731750 251.5504913 1.6391497 1.9858630 4.1864500 -5.7509532 1.7230132 16.6514587 0.0906782 0.7093573 
Car -1.0000000 -1 3.7068211 -70.0630722 182.6325684 308.0733337 305.2041016 1.5314367 1.8541420 4.0457754 -6.3184834 1.6334467 9.6515417 3.1271766 0.7498956 
Car -1.0000000 -1 -0.4243106 823.5139160 193.8871918 1043.5449219 264.8558350 1.4150723 1.5675098 4.0547862 6.7046633 1.8156099 15.3568382 -0.0126631 0.7408829 
Car -1.0000000 -1 3.5504573 99.2455292 182.8296356 397.8427429 281.2186279 1.5362976 1.6298174 4.2628431 -5.8593454 1.6478002 11.9699173 3.0952401 0.5471742 
Car -1.0000000 -1 -2.7851389 330.0252991 175.1659546 481.2081909 234.5536499 1.6625136 1.6804320 4.2298231 -6.1678195 1.6947446 22.1096783 -3.0571873 0.6042889 
Car -1.0000000 -1 -0.2675729 717.0828247 184.5318756 825.4269409 225.6753235 1.5426695 1.7161499 4.1022954 5.7680111 1.9333448 27.4113121 -0.0601742 0.7024315 
Car -1.0000000 -1 -0.3510995 798.8839111 186.8964386 975.5957642 253.4152222 1.6162009 1.5954075 4.0576611 6.7203584 1.9048866 17.7916107 0.0100591 0.6702362 
Car -1.0000000 -1 -1.6810635 639.9718628 183.6952515 673.4598999 210.2549438 1.5197051 1.7557161 3.6783245 2.6786861 2.0184228 40.8768005 -1.6156263 0.8103573 
Car -1.0000000 -1 3.2887538 387.6584167 179.0619049 493.1718445 222.7244415 1.4462841 1.6701020 4.0451207 -6.4851494 1.8165195 28.2352028 3.0629864 0.3866021 
Car -1.0000000 -1 2.4219589 959.3648071 186.4474487 1443.5264893 362.9680786 1.5676833 1.5561801 4.2592535 5.8603787 1.7289259 7.0866146 3.1129267 0.7638106 
Car -1.0000000 -1 0.2938308 437.4328308 177.3379669 530.0372314 215.4600372 1.5926918 1.6186075 3.8238165 -5.7817941 1.8878065 34.0598526 0.1256799 0.4924124 
