Car -1.0000000 -1 -1.8294467 717.4081421 172.5471039 903.3890381 303.0891724 1.6661493 1.6962906 3.4880052 2.7230177 1.6559550 10.7189188 -1.5806707 0.8820846 
Car -1.0000000 -1 0.6723698 -77.7416077 177.1983032 330.9738464 312.6706543 1.5439445 1.8938376 4.0714254 -5.8773947 1.5925968 9.2422638 0.1059522 0.6957038 
Car -1.0000000 -1 3.3445928 345.1905518 175.0368805 491.3734741 227.3745270 1.6051688 1.5599661 4.3041968 -6.0354710 1.6729254 23.5742416 3.0939565 0.3853506 
Car -1.0000000 -1 -1.6675064 666.5752563 177.6760101 725.1598511 225.3269043 1.5314590 1.6823006 3.9795074 2.8057005 1.6484926 24.3954983 -1.5530006 0.8128165 
Car -1.0000000 -1 -2.7711996 303.9432983 174.8988037 477.7625427 236.4465942 1.6672274 1.7508513 4.3274713 -6.1237531 1.7191008 20.0247993 -3.0679767 0.5589518 
Car -1.0000000 -1 3.2927734 422.6371460 171.8664703 485.0816956 219.4250488 1.7033298 2.7816155 3.1841273 -6.0247226 1.7534549 24.2786312 3.0495375 0.2898376 
Car -1.0000000 -1 0.3291531 458.2577209 170.4385376 496.5609741 207.0360260 1.7587571 3.6299524 2.1886704 -5.8222313 1.6040443 34.8543053 0.1636365 0.3232357 
Car -1.0000000 -1 -2.7278115 1027.2269287 211.4621124 2359.7241211 1143.5467529 1.5536836 1.6817702 4.0952554 2.7414668 1.6922781 1.3103757 -1.6028949 0.5157519 
Car -1.0000000 -1 3.6179619 138.9957275 158.9417572 382.9357910 272.8709106 1.6832503 1.8697970 4.2684274 -6.3537941 1.6654463 12.2618179 3.1398785 0.4852609 
Car -1.0000000 -1 3.5890680 160.6934967 164.9233856 391.0666809 267.5547485 1.7053905 1.8485787 4.1643896 -6.4363933 1.6806464 12.8531685 3.1248100 0.4585058 
Car -1.0000000 -1 -1.6636805 627.3265381 174.3921814 652.7753296 194.9014435 1.5732559 1.7050074 3.8931098 2.3054700 1.7031418 56.0048981 -1.6225382 0.6855838 
