Car -1.0000000 -1 -0.5612189 868.3627930 183.2890625 1218.9559326 299.2338257 1.4439106 1.5061076 4.2519393 5.7287388 1.5486879 9.8835268 -0.0359158 0.8163699 
Car -1.0000000 -1 -1.6843525 651.2369385 181.6657867 710.5106812 228.0302734 1.4429055 1.5756168 3.8505654 2.2725818 1.7435802 24.5666580 -1.5921082 0.8755096 
Car -1.0000000 -1 0.3973322 258.1485596 179.2150726 451.8424683 247.5549622 1.5608456 2.0697799 4.3886285 -6.4151549 1.7353318 17.9542789 0.0541644 0.7665111 
Car -1.0000000 -1 3.7812890 -268.7806702 203.5411224 201.4248352 362.1452942 1.5349871 1.7337414 3.7968438 -6.4980268 1.7936491 7.4425220 3.0635391 0.6538506 
Car -1.0000000 -1 3.6763406 -31.3134842 193.5859833 315.7978821 308.3230896 1.4500076 1.7669681 4.1610308 -6.4573851 1.7459940 10.0125313 3.1035376 0.6911838 
Car -1.0000000 -1 1.2993558 465.5207520 174.3480072 506.2054138 213.7480927 1.4466969 1.6378117 3.8111773 -5.6638823 1.7677410 31.7503967 1.1228249 0.4344221 
Car -1.0000000 -1 1.6590912 549.8189697 174.6157227 579.9570312 199.1955872 1.4486195 1.6155866 3.9304175 -3.0177758 1.6217189 47.1008759 1.5951082 0.6910649 
Car -1.0000000 -1 9.9880482 100.4371643 197.9177246 333.4345703 279.3362427 1.3877784 1.7256747 4.2052102 -6.3180528 1.6826315 10.0046043 9.4247780 0.4945967 
Car -1.0000000 -1 0.4468765 416.1192932 178.3630676 518.0416870 216.6236420 1.5173700 1.5364138 3.9660838 -6.2823591 1.6685570 27.0523014 0.2186910 0.3750070 
Car -1.0000000 -1 2.1146035 490.1171265 176.3433533 548.3208008 200.6681519 1.4494138 1.6929547 3.9853637 -5.0518608 1.6598525 46.0012894 2.0052218 0.3455988 
Car -1.0000000 -1 3.7834723 -631.9373169 191.4335022 50.3136177 433.4865112 1.4845537 1.7693343 3.8213851 -6.4553766 1.7727742 7.1936975 3.0521146 0.4895110 
