Car -1.0000000 -1 -1.6549932 690.7000122 182.5964966 781.5335083 250.6971130 1.4850487 1.6577801 4.0328226 3.0123830 1.6965766 17.5472183 -1.4849775 0.7778035 
Car -1.0000000 -1 0.5226512 161.2561188 179.6723175 373.0151062 274.4412231 1.5830313 2.0338881 4.3193374 -5.8898864 1.7126590 13.1536846 0.1016494 0.5742151 
Car -1.0000000 -1 0.4420878 258.7042542 173.2864838 416.3138733 257.1619263 1.6600919 1.8000233 4.3301044 -5.8895564 1.7205160 15.3612785 0.0759707 0.4727482 
Car -1.0000000 -1 -2.4941149 -64.3920975 186.0805206 280.4546204 308.4115601 1.5410919 1.6003813 3.9746768 -6.9839711 1.7174786 10.2471714 -3.0923514 0.6746104 
Car -1.0000000 -1 0.3403798 330.4813538 176.9125214 480.7817993 233.1445923 1.6006365 1.8395118 4.3617549 -5.9459934 1.6205527 20.3388424 0.0559591 0.5547874 
Car -1.0000000 -1 3.2943197 418.2170410 172.6718903 472.8742371 220.7023163 1.7683842 3.1755629 2.9135621 -6.1918516 1.7056401 27.3197861 3.0714415 0.2919476 
Car -1.0000000 -1 -2.2177620 887.9461670 171.3666077 1781.3092041 665.2106323 1.5781120 1.6412592 3.4635272 2.8901372 1.5084811 3.8408267 -1.5726769 0.7254456 
Car -1.0000000 -1 -0.3190641 741.7596436 175.0570221 884.2950439 226.4774475 1.4830208 1.7043819 4.2402186 6.3242478 1.5919414 22.9126091 -0.0497536 0.7192202 
Car -1.0000000 -1 -1.6312388 636.4728394 176.9216766 663.8612061 200.1331940 1.5793411 1.6909446 4.0410233 2.6748321 1.7361056 49.4913101 -1.5772449 0.7604279 
Car -1.0000000 -1 -2.3919295 -255.9801178 146.4482422 182.6039124 365.5929260 1.9108263 1.7472138 3.9204731 -6.6921515 1.7107975 7.3634338 -3.1296048 0.5451479 
Car -1.0000000 -1 3.3028384 435.4932556 174.6908569 484.5976868 217.9564514 1.6754630 3.0476177 3.1587527 -6.0616026 1.6971986 29.7469292 3.1018181 0.3403519 
Car -1.0000000 -1 -2.9439529 461.7402649 176.3105774 520.3428955 209.6549225 1.5943545 1.5826223 4.1498137 -5.9483209 1.7612597 38.3224754 -3.0979416 0.3599210 
