Car -1.0000000 -1 -1.7736900 698.5755005 178.6725006 847.6983032 277.7177429 1.4657428 1.6703203 3.8723660 2.6580167 1.6146754 12.7943401 -1.5688543 0.8693205 
Car -1.0000000 -1 0.7455261 -66.9428711 171.7827606 270.8727112 301.2226562 1.5936583 1.8184921 4.1419148 -6.6610932 1.5572844 9.5705404 0.1374900 0.7175597 
Car -1.0000000 -1 -2.8464925 397.8829346 170.9920197 505.2270508 213.4484406 1.4484401 1.9435730 3.8945994 -5.9828272 1.3646687 25.1858826 -3.0797167 0.5461815 
Car -1.0000000 -1 0.4631987 205.3070221 175.1076813 433.0702515 250.8733521 1.6640503 1.8786433 4.2664661 -5.5903544 1.4671344 14.5761681 0.0969733 0.6005151 
Car -1.0000000 -1 -2.9072119 442.9411926 167.6309662 517.1198730 209.6024170 1.4829592 1.9780918 3.8372173 -5.8617640 1.3569752 30.1291580 -3.0993659 0.3368895 
Car -1.0000000 -1 -1.6414007 632.3652344 172.0737152 655.2680054 191.7791901 1.6056130 1.6748155 3.6984825 2.6573775 1.4250193 55.2546005 -1.5933444 0.6699445 
Car -1.0000000 -1 0.7560942 -346.1966553 166.5067749 83.3905945 397.1069946 1.6525040 1.6593337 4.0880313 -6.7482724 1.5747465 8.8671761 0.1055651 0.4464756 
Car -1.0000000 -1 -0.4103247 782.9286499 178.2711029 951.7687988 240.9406128 1.5297472 1.8176420 3.7983565 6.2370515 1.5986862 18.1896439 -0.0799977 0.6170995 
Car -1.0000000 -1 3.5570640 76.3054352 169.8108978 308.4645081 268.9870300 1.5212938 1.7878752 4.1741095 -6.3484263 1.5385354 14.0460539 3.1325712 0.5438041 
Car -1.0000000 -1 -2.8668036 363.4182739 171.2863159 486.3711548 216.7169952 1.4438325 1.9150372 3.9339230 -5.9485364 1.3447883 24.8743839 -3.1015382 0.5765225 
