Car -1.0000000 -1 -1.8930345 768.1784668 180.1108093 1029.9265137 332.6643982 1.5284249 1.6990597 3.9103925 3.2463839 1.6416681 9.1450138 -1.5519216 0.8640629 
Car -1.0000000 -1 2.0044499 237.7571869 195.0083618 403.5240173 282.8985291 1.5276325 1.7202269 4.1740546 -5.7938943 1.9837114 14.7995319 1.6312997 0.8533549 
Car -1.0000000 -1 2.2859821 -265.1295471 212.2822418 225.8639679 414.2561951 1.4466966 1.6713357 4.3186173 -6.0661688 1.8922749 7.5857830 1.6114388 0.8410993 
Car -1.0000000 -1 -1.7815595 720.3967896 178.6953125 842.7601318 265.9665527 1.5617625 1.7013062 4.1699386 3.3306017 1.7025756 14.7107019 -1.5589066 0.8540229 
Car -1.0000000 -1 -3.7839001 1007.2556763 151.0240021 1343.5648193 259.3990479 1.6008012 1.7076747 4.5308113 8.2132301 1.2156374 10.7145405 -3.1298909 0.6956987 
Car -1.0000000 -1 1.8973107 360.9545593 190.0656433 456.4904175 249.3748627 1.5381074 1.6446184 3.9645510 -5.7245631 1.9989463 20.7925072 1.6286484 0.8637486 
Car -1.0000000 -1 1.8628254 443.9369812 185.3914185 507.9357300 225.6727448 1.6094294 1.6240150 3.8932152 -5.5684357 2.0577979 30.0694313 1.6797138 0.8422253 
Car -1.0000000 -1 -1.6872858 679.6926880 181.0130157 739.8978271 228.1914062 1.4751807 1.7134874 3.8472066 3.4825194 1.8157886 25.4674225 -1.5513846 0.7665178 
Car -1.0000000 -1 1.7629337 503.7187500 180.8730927 539.1305542 207.7759247 1.5785110 1.7884339 4.1509213 -5.6887407 2.1466432 46.0957069 1.6401430 0.7042849 
Car -1.0000000 -1 -1.7091688 665.6549683 182.2282562 713.8063354 218.9278564 1.5097182 1.6802764 3.8850362 3.4231107 1.8543370 31.5586452 -1.6011230 0.6726785 
Car -1.0000000 -1 1.7950233 570.5576782 176.4994659 592.3428345 197.3728638 1.5303382 1.8294483 4.4503489 -2.0738001 1.8535323 57.3254128 1.7588631 0.5409167 
