Car -1.0000000 -1 0.4396379 150.0511932 178.2493591 421.1999817 267.3485413 1.5938759 1.9618764 4.3368363 -6.2144961 1.6908493 14.3048420 0.0298046 0.7519303 
Car -1.0000000 -1 -0.7877266 1021.2939453 172.7714233 1736.5587158 403.6656494 1.4771415 1.6043109 3.8245082 5.6622024 1.5885257 6.1348658 -0.0423732 0.7468604 
Car -1.0000000 -1 -1.6924249 666.4141235 182.4142609 737.3727417 237.3326874 1.4441079 1.6132038 3.8910086 2.5148380 1.7292414 20.7601585 -1.5718746 0.8959950 
Car -1.0000000 -1 3.1605627 440.8170776 174.6143646 515.3278809 212.3424683 1.5807111 1.6219106 3.9375677 -5.9598908 1.7182195 33.2814445 2.9833654 0.4489239 
Car -1.0000000 -1 3.8000983 -186.6671600 199.8155670 221.5151062 324.3070679 1.5343615 1.6043473 4.2706895 -6.8199644 1.7538954 8.0341711 3.0962608 0.6725424 
Car -1.0000000 -1 0.5714775 398.4906616 178.4267120 513.5740967 221.9057770 1.4193373 1.6848358 3.9448454 -5.5647855 1.6845787 27.5146141 0.3719210 0.4487552 
Car -1.0000000 -1 -1.6391396 653.5324707 177.8505707 697.3447266 216.4071503 1.5163369 1.6545980 3.6762445 2.7197466 1.7783265 30.3349609 -1.5497215 0.7760591 
Car -1.0000000 -1 10.1947715 -459.3442383 201.6634827 160.1812439 392.5442200 1.5149040 1.5059788 4.1459002 -6.3326626 1.7154419 6.5308352 9.4247780 0.5718369 
Car -1.0000000 -1 1.6725493 550.9654541 175.7481842 584.4549561 201.6020508 1.4491018 1.6508689 4.1029840 -2.6131759 1.5012635 43.6614113 1.6127697 0.6681754 
Car -1.0000000 -1 2.6317126 490.1823425 175.6188812 546.1177368 200.4287872 1.3599969 1.4452939 4.0510178 -5.2799606 1.4430850 46.4272499 2.5184736 0.3037010 
