Car -1.0000000 -1 -1.8853331 744.0575562 173.8117371 995.3049316 340.6271973 1.6828268 1.6810105 3.5213614 2.7496073 1.6692737 8.7063560 -1.5794300 0.8796843 
Car -1.0000000 -1 0.7246257 -238.7135468 176.0236511 275.1656799 359.1293640 1.6136338 1.7546974 4.2735023 -5.8606648 1.6791772 7.3000364 0.0481635 0.7120800 
Car -1.0000000 -1 -1.6660009 672.7872314 180.4156952 738.2373657 232.2957611 1.4838132 1.6278335 4.0350022 2.8075285 1.7150792 22.5004807 -1.5418661 0.7409855 
Car -1.0000000 -1 3.3393456 399.4663696 173.9207458 476.3994751 226.8074951 1.6774402 2.4905698 3.8578694 -6.0379000 1.8456103 22.0546284 3.0721231 0.2878942 
Car -1.0000000 -1 -2.7373460 269.0227661 177.9136200 462.8237610 247.3328247 1.6103168 1.6642965 4.3678861 -5.9826407 1.7700812 17.9804401 -3.0585539 0.6064868 
Car -1.0000000 -1 3.3855825 321.6047668 176.9815674 477.6861877 235.2994995 1.6319609 1.7061361 4.4928088 -5.9705338 1.7899253 20.2731304 3.0991748 0.5233373 
Car -1.0000000 -1 3.2869171 436.2561035 175.8125610 484.8991394 215.9698029 1.6842725 3.5833788 2.2674341 -5.9386797 1.8360335 30.9629841 3.0974191 0.2726855 
Car -1.0000000 -1 -1.6596072 629.5785522 177.4864044 655.8094482 199.0153809 1.5770966 1.6412278 3.9152942 2.4508383 1.7972227 52.9057236 -1.6133157 0.7035068 
Car -1.0000000 -1 -2.5860881 136.7177582 173.0589447 378.3295288 270.4058228 1.8382893 1.7357624 4.1368151 -6.6926637 1.7795070 11.2173510 -3.1240296 0.4739819 
Car -1.0000000 -1 3.2302900 456.0683594 175.3016205 496.2355652 210.8210297 1.7576994 3.4814067 2.3739550 -6.1409101 1.7916746 35.0769310 3.0569766 0.2902696 
Car -1.0000000 -1 3.5703199 126.1950531 168.2214050 218.6706390 305.8879700 1.6198759 1.6319194 4.1289911 -7.4659042 1.7360688 15.1577368 3.1126521 0.2061894 
Car -1.0000000 -1 3.6246886 73.7267838 160.8949432 353.7376099 293.6577759 1.7272047 1.7985213 4.1839371 -6.2957826 1.7511271 10.8181667 3.0976365 0.5208379 
Car -1.0000000 -1 -2.9836717 477.8478394 176.5885162 530.2238159 208.3503723 1.5337068 1.7158247 4.0642271 -6.1013432 1.7550102 39.6781120 -3.1362476 0.3770067 
Car -1.0000000 -1 -0.5940464 715.3021851 174.5719757 818.2984619 219.3962708 1.5459368 1.6604924 3.8189287 5.9339690 1.6541640 27.4073734 -0.3808275 0.5575877 
Car -1.0000000 -1 3.6246173 52.6702805 160.1260986 335.1454163 300.1147766 1.6947385 1.8208236 4.2119365 -6.2053089 1.7247009 10.5637484 3.0935026 0.5234674 
