Car -1.0000000 -1 -2.0852080 828.9345703 196.5403595 1453.5294189 552.2604980 1.5632530 1.6756653 3.9077575 2.9376740 1.7267265 5.1612482 -1.5677594 0.8421686 
Car -1.0000000 -1 -1.7928764 733.7274170 180.4149475 931.7649536 309.8883362 1.6705204 1.7015351 3.5934162 2.9501855 1.7308203 10.5992012 -1.5214074 0.7881449 
Car -1.0000000 -1 3.5668793 126.0710983 169.1100464 394.7677002 264.3108826 1.6947305 1.7709318 4.3719587 -6.4722676 1.6558517 13.4828014 3.1193278 0.6426247 
Car -1.0000000 -1 -1.6941512 672.0181274 176.2666016 737.1625977 227.1867218 1.4925151 1.6566427 3.8929849 2.8680975 1.5893358 22.6777439 -1.5683472 0.8557362 
Car -1.0000000 -1 0.3726980 305.7998047 171.5965424 465.4183350 229.7242279 1.4724612 1.8099856 4.0040832 -6.3618336 1.4691749 21.1670113 0.0807329 0.7532880 
Car -1.0000000 -1 -2.8355728 384.8902588 164.2681122 494.3027344 216.4796295 1.8585110 1.7395157 4.0757246 -6.1427746 1.4567058 26.7337685 -3.0614283 0.6233314 
Car -1.0000000 -1 -1.6717114 646.3976440 170.9707642 694.5063477 209.9002991 1.6193843 1.7133372 3.5881345 2.7951965 1.5354629 32.7838860 -1.5866559 0.8048928 
Car -1.0000000 -1 0.7344276 -343.0448303 162.2606201 218.5068970 399.6300354 1.7740052 1.8588147 4.6048760 -6.0228491 1.6253352 6.4714799 -0.0150792 0.6974460 
Car -1.0000000 -1 0.5946535 -3.3114786 162.9866638 352.0734863 296.3537598 1.8246449 1.8609555 4.4310579 -6.3893147 1.6998119 10.7860584 0.0598647 0.6531998 
Car -1.0000000 -1 3.3351879 452.2559204 172.8011780 501.6616211 211.8212585 1.9567931 3.4105453 2.7463131 -5.9931712 1.5205581 27.7606869 3.1225641 0.3089625 
Car -1.0000000 -1 -2.6226701 80.1167908 147.7557526 150.4959564 309.8781738 1.6542336 1.8460134 4.3735123 -6.5113196 1.7031398 12.0565910 -3.1178522 0.4683134 
