Car -1.0000000 -1 3.5448908 143.3973999 164.7287750 362.1427612 270.2539978 1.8164160 1.8761010 4.2377987 -6.7071772 1.7165346 14.4273138 3.1097200 0.5921032 
Car -1.0000000 -1 3.7287236 -82.0920410 183.2956238 290.1991272 310.9267883 1.6275471 1.7436655 4.1136184 -6.8297644 1.7615813 9.7465992 3.1175058 0.6328405 
Car -1.0000000 -1 -0.8758996 982.9309692 186.5408173 1416.5642090 346.6091003 1.4464304 1.4856153 3.8383102 6.0464344 1.6043808 7.8131566 -0.2172905 0.5479745 
Car -1.0000000 -1 3.8276083 -301.6864624 198.9580536 206.3445587 360.5454102 1.4901382 1.6079812 4.2211823 -6.4303432 1.6663526 7.4132814 3.1130942 0.7090471 
Car -1.0000000 -1 -0.9717193 1137.7197266 173.9851685 1890.1008301 406.7583923 1.4684212 1.5857050 4.1729593 5.9255791 1.5257808 4.9633598 -0.0981834 0.5839330 
Car -1.0000000 -1 9.0766304 790.8806152 182.4933319 988.1092529 256.5165100 1.6413890 1.7598916 4.1028605 5.6617785 1.7258710 15.6001682 9.4247780 0.6298769 
Car -1.0000000 -1 -0.3780964 738.4844360 178.8638916 910.8341064 239.0596161 1.6967769 1.6096797 3.9834316 5.4335251 1.6322423 19.0542679 -0.1003088 0.5725804 
Car -1.0000000 -1 -1.6823277 633.4481201 178.6784058 677.4951782 213.5968018 1.6495882 1.6806287 3.8464975 1.9970461 1.7346857 33.3273773 -1.6224772 0.8864291 
Car -1.0000000 -1 -0.5577198 869.4493408 186.1447296 1166.7601318 296.7378540 1.5292486 1.5749762 4.0444665 6.0541692 1.7173810 10.6201448 -0.0396025 0.6264456 
Car -1.0000000 -1 3.2871183 257.3442078 163.7141113 374.0456848 251.3054199 1.4715650 1.6103424 4.1108298 -6.5169997 1.6480079 23.0113316 3.0111371 0.3114392 
Car -1.0000000 -1 3.2703280 382.0351257 177.5472260 467.0226746 232.1843414 1.5129883 1.9060301 3.9705348 -6.8831244 1.7341439 27.8790073 3.0282760 0.5008111 
