Car -1.0000000 -1 -0.3533371 772.4228516 181.6208191 977.8049316 253.0781708 1.4874328 1.7668540 4.2846603 5.6214199 1.6269059 15.7109241 -0.0097276 0.8075359 
Car -1.0000000 -1 3.6390043 -19.7534313 172.9323578 319.4801331 305.1366882 1.7592854 1.7087277 4.1082768 -6.5074177 1.7346988 10.5682678 3.0870839 0.5857498 
Car -1.0000000 -1 0.7552449 -219.2422943 192.8248901 266.6547546 350.5278931 1.5657091 1.6401033 4.1933837 -5.8946896 1.7616143 7.6432076 0.0982930 0.5941177 
Car -1.0000000 -1 0.3617640 351.5330811 181.3779449 483.9909363 229.1089630 1.5555272 1.9697970 4.1311183 -6.3996034 1.7728726 23.6502552 0.0974991 0.6902490 
Car -1.0000000 -1 -0.8505438 1117.0587158 182.7035675 1807.6940918 402.6839600 1.6147668 1.3196192 4.1506715 6.3897443 1.5845035 5.7606339 -0.0134148 0.6225203 
Car -1.0000000 -1 9.8720772 117.2487946 184.1535797 373.6138916 273.4395447 1.5287904 1.8381746 3.9899237 -6.4692922 1.7149793 13.4853220 9.4247780 0.5379686 
Car -1.0000000 -1 -1.6868624 640.1957397 181.7039337 685.5516968 218.8159027 1.5327317 1.6552615 3.7207839 2.0662169 1.8103021 30.0054569 -1.6181096 0.8685039 
Car -1.0000000 -1 9.8237393 204.6066132 186.1942749 412.4243774 255.8508301 1.4219501 1.5942482 4.0393629 -6.5929270 1.7175690 15.6390066 9.4247780 0.6057807 
Car -1.0000000 -1 1.8260702 549.7765503 175.1069794 577.8141479 197.8269806 1.4975239 1.6344596 4.1407008 -3.7251050 1.5463942 49.5545311 1.7510395 0.4617335 
Car -1.0000000 -1 3.2044365 463.0510559 176.5844574 527.5889893 208.8329620 1.4729952 1.4424483 3.6275752 -5.9159989 1.7564703 37.2737045 3.0470317 0.4656597 
