Car -1.0000000 -1 0.6979203 -174.8186340 183.0915375 264.7337341 342.5409851 1.6056888 1.9231548 4.2593255 -5.8608890 1.6786880 8.2736092 0.0815899 0.6465580 
Car -1.0000000 -1 -1.7427929 717.4003296 186.0056305 859.5684204 286.6736755 1.5007844 1.7514818 3.7963707 2.9842167 1.7096207 12.6535234 -1.5111843 0.8469241 
Car -1.0000000 -1 3.3960648 317.1104431 182.2449646 463.5982056 233.1592712 1.6494901 1.5888348 4.2037454 -6.2682076 1.6552995 21.4005756 3.1111353 0.5640007 
Car -1.0000000 -1 0.5477617 54.9630013 181.9388580 353.0257568 302.8148804 1.6995361 2.0202174 4.3625731 -5.7554154 1.7550853 10.6510420 0.0523484 0.5933534 
Car -1.0000000 -1 -0.5094383 781.8346558 175.9379883 970.0108643 242.3222961 1.5802462 1.6240041 4.2569213 6.3649797 1.6690290 17.6975479 -0.1641898 0.6930060 
Car -1.0000000 -1 0.4450168 206.4722595 175.0623627 411.1802979 264.7106018 1.6035817 1.9818311 4.3775210 -6.1124787 1.6432397 14.0909414 0.0357264 0.5430794 
Car -1.0000000 -1 0.4977745 166.5198517 178.2284698 417.5615234 270.6929321 1.6463935 1.9579716 4.3664012 -5.9481659 1.6922864 12.0348692 0.0387420 0.4492649 
Car -1.0000000 -1 3.3541925 400.4672241 175.2776184 468.4144592 226.4906158 1.8472080 3.1808574 2.9853382 -5.9326267 1.8054819 22.8785553 3.1004713 0.2480201 
Car -1.0000000 -1 -1.6556993 638.4981079 179.5187988 667.7611694 204.5274506 1.5527105 1.7174159 4.0512414 2.5944643 1.8190365 45.1694374 -1.5983238 0.8316090 
Car -1.0000000 -1 3.3990163 359.4648438 179.5187531 467.3205872 227.8517303 1.6719630 1.8546784 4.1018586 -6.3768811 1.6180477 22.3046093 3.1205452 0.4341974 
Car -1.0000000 -1 -0.2519975 697.8659668 174.5228882 799.6086426 212.6262512 1.5081400 1.9094304 3.8367169 5.8537989 1.5531722 31.3117924 -0.0671791 0.5858027 
Car -1.0000000 -1 -0.6328508 728.1274414 178.0539856 841.7288208 224.4845886 1.4747010 1.7945091 3.7297213 6.0097599 1.6435338 24.2700787 -0.3901133 0.2870659 
