Car -1.0000000 -1 0.5758197 -28.5240421 175.0306549 341.9966125 321.1095886 1.8837281 2.0645843 4.4853792 -6.0597310 1.8347083 9.3142586 -0.0009677 0.6698214 
Car -1.0000000 -1 -1.7798574 711.1709595 192.9964905 846.3925171 288.6464233 1.5834647 1.7065787 3.7829375 2.9610748 1.9237341 13.7015781 -1.5670186 0.8422946 
Car -1.0000000 -1 3.4987560 221.7866821 184.5124054 433.0063171 262.8164673 1.5877274 1.7426896 4.5354714 -6.4599695 1.9017848 16.5832615 3.1272927 0.6490479 
Car -1.0000000 -1 -1.9149313 765.3606567 201.1924591 1057.0527344 383.9789734 1.5098157 1.6935465 3.8891881 2.9581561 1.8203880 8.2642746 -1.5711961 0.8399492 
Car -1.0000000 -1 -1.7055936 665.1495361 189.6432953 721.6255493 234.5670624 1.5436110 1.6700075 3.7337635 2.8436289 2.1019983 25.6296291 -1.5950947 0.8804790 
Car -1.0000000 -1 3.7899734 -310.3788757 180.2754669 215.9181213 372.2992859 1.8737551 1.7783641 4.1363816 -6.3807182 1.8443146 8.2463055 3.1314342 0.4580892 
Car -1.0000000 -1 0.4115696 356.0580750 185.5518341 486.0531311 235.1815491 1.5068624 2.0152051 4.0032635 -6.2595754 1.9109704 23.9758263 0.1561915 0.7280426 
Car -1.0000000 -1 -1.6787683 643.9968872 184.4332123 688.6339722 220.6820068 1.5961363 1.7118455 3.6681302 2.6387134 2.1434228 35.3361168 -1.6042320 0.7568889 
Car -1.0000000 -1 -2.3160997 837.1249390 150.5298615 2584.8066406 1063.1400146 1.6424839 1.7111981 4.0310068 2.8159375 1.6256446 3.1034446 -1.5792339 0.7127898 
Car -1.0000000 -1 3.2681023 427.3515625 175.5840149 489.3557434 228.0156403 1.6404059 3.0636322 3.2206225 -6.2931938 2.0030808 23.9936295 3.0115941 0.3653044 
Car -1.0000000 -1 0.6829508 121.0992050 177.6464233 400.1626892 282.6413879 1.8295615 1.9156808 4.0107059 -6.0796456 1.7555690 9.7119017 0.1236330 0.4924188 
Car -1.0000000 -1 0.7036282 113.2734604 174.3773956 373.7080078 289.5067749 1.8303710 1.9188021 3.9905176 -5.9660234 1.7572069 9.7097654 0.1526620 0.4903380 
