Car -1.0000000 -1 -2.0695242 836.4924316 180.0873260 1478.2905273 532.9166870 1.5989491 1.7134937 3.9094687 3.1418114 1.6913946 5.5076909 -1.5511230 0.8613646 
Car -1.0000000 -1 3.6895700 -107.3760605 190.3052216 273.5004883 320.7609558 1.5838864 1.6459726 4.0104322 -6.6836324 1.7869736 9.2568922 3.0642200 0.7311666 
Car -1.0000000 -1 -1.7286126 691.1829224 188.6491089 778.2816162 250.5510406 1.5353806 1.6101480 3.9008684 3.1123562 1.8744848 18.8474770 -1.5649557 0.8599600 
Car -1.0000000 -1 0.4122756 143.1904144 182.6538086 325.4111633 291.3025513 1.5497196 1.9409075 3.9661102 -5.8588815 1.6770047 13.2933989 -0.0028478 0.5133462 
Car -1.0000000 -1 0.3328277 255.7785797 177.6562195 463.3560486 258.5635071 1.6190809 1.8228214 3.9953756 -5.8339424 1.7427043 16.4255638 -0.0084495 0.6652002 
Car -1.0000000 -1 3.5119889 150.1568298 185.5229187 389.8631592 271.2177734 1.5842844 1.7480705 4.0098333 -6.1563735 1.7643517 13.6591206 3.0885403 0.5482957 
Car -1.0000000 -1 3.3724552 357.3976440 181.1985931 476.7357788 234.0112152 1.6356938 1.8091084 3.7907724 -6.0609741 1.8073864 22.7265472 3.1118298 0.5936226 
Car -1.0000000 -1 0.3392334 411.0149536 180.9247284 523.4274292 219.6477814 1.5585947 1.8633549 4.2027245 -5.7386661 1.8311930 27.9142532 0.1364764 0.4712411 
Car -1.0000000 -1 -2.8591598 456.4169617 182.5245056 533.1498413 210.2660675 1.4811623 1.7177621 3.8270087 -5.9130454 1.7991960 40.7539787 -3.0032456 0.4682658 
Car -1.0000000 -1 0.3244591 283.4649353 177.0849609 469.8792725 250.0378723 1.6032506 1.7790574 3.9737446 -5.8343081 1.7543930 16.6313229 -0.0129304 0.6611639 
Car -1.0000000 -1 -2.9601537 490.6064758 178.1323700 546.5899048 202.9516296 1.5507115 1.6565639 3.8531759 -5.5343895 1.8215868 46.4735374 -3.0786824 0.3103109 
