Car -1.0000000 -1 -0.3017072 710.6732178 183.7717133 930.6990967 261.9577332 1.4767890 1.6348202 4.1378040 4.2492957 1.7436138 14.8041468 -0.0221877 0.7891237 
Car -1.0000000 -1 0.6529900 -92.8709869 183.0570679 235.9185638 298.1462402 1.5899156 1.7340052 4.2702141 -7.8467689 1.7115057 10.7322578 0.0216698 0.7245483 
Car -1.0000000 -1 3.5801811 126.0091476 181.9129333 357.3656616 258.5144653 1.6171050 1.7318349 4.1540990 -7.8936768 1.7395489 15.8230343 3.1174359 0.7104589 
Car -1.0000000 -1 3.8271684 -337.3399353 188.4741821 136.3297729 345.9579468 1.6675353 1.7615834 4.0990167 -7.8096414 1.7255741 7.9970560 3.0536263 0.6086529 
Car -1.0000000 -1 3.3704219 287.5122681 175.3871460 377.3442383 234.1201630 1.7106769 1.7497478 3.6001449 -9.4202671 1.6394870 25.0575562 3.0108228 0.4072282 
Car -1.0000000 -1 -0.9862135 1038.0007324 195.2549744 1851.8376465 497.7269897 1.4753306 1.5748664 3.7696292 4.5069232 1.6181127 4.1196580 -0.1559533 0.6304194 
Car -1.0000000 -1 3.5270082 256.0787964 170.6115265 362.2213135 241.2357330 1.8165053 2.0009737 3.6629415 -8.5786419 1.7347469 20.6598434 3.1334396 0.6194493 
Car -1.0000000 -1 -1.5297084 456.7049561 178.2271881 493.0983887 203.6248474 1.6261480 1.8687177 4.1798277 -9.2774467 1.9936991 49.3016586 -1.7157104 0.5646654 
Car -1.0000000 -1 -0.2278581 696.8612061 186.5862122 854.6976929 247.4996185 1.6272719 1.6723871 4.2277102 4.2275329 1.9297606 17.7463703 0.0060027 0.3953895 
Car -1.0000000 -1 3.5345883 217.9886169 176.9884033 362.1888733 246.3235474 1.7685426 1.6789358 3.8972440 -8.6637735 1.7234715 20.4552898 3.1339491 0.5622337 
