Car -1.0000000 -1 -1.8429927 708.2702637 190.3008423 857.6689453 288.4938660 1.5920005 1.6110182 3.4957347 2.8226836 1.7724376 12.8673000 -1.6270446 0.8613485 
Car -1.0000000 -1 3.7464177 -145.9865417 192.5238190 287.1237183 335.5231934 1.5385240 1.7703892 4.3626709 -6.4734807 1.7794704 8.8136673 3.1129223 0.6652893 
Car -1.0000000 -1 -1.7138032 656.6396484 182.8493347 726.3706055 234.7983246 1.5884346 1.6848974 3.9252572 2.4139924 1.8600601 22.2068348 -1.6055235 0.8736401 
Car -1.0000000 -1 3.4970071 210.0312347 190.2124023 417.7639160 259.4863586 1.5963833 1.5737910 4.2571893 -6.6619744 1.8902709 15.9448080 3.1012383 0.5796669 
Car -1.0000000 -1 3.4240047 271.9164124 185.7582550 424.3642883 247.3283081 1.5446806 1.6754136 4.1315570 -6.8773332 1.8499484 20.1400547 3.0949442 0.5293920 
Car -1.0000000 -1 -2.8651149 419.9620361 177.8927917 470.4169617 228.7217560 1.5908297 1.6908919 4.0637803 -5.9034529 1.8118957 37.0518990 -3.0231161 0.3876540 
Car -1.0000000 -1 0.3729481 362.2535706 183.1451874 482.4746094 228.0709076 1.7093692 1.7668409 3.9927480 -5.9890633 1.9139512 26.1981239 0.1482036 0.6592983 
Car -1.0000000 -1 -1.6779669 646.1240234 183.2859039 686.4127197 217.2550201 1.6028085 1.5342031 3.5481920 2.4856367 1.9209639 33.2353439 -1.6033169 0.6778514 
Car -1.0000000 -1 0.3440931 304.6848450 187.7571564 454.9582214 239.0928497 1.6057646 1.8657025 4.1063147 -6.5426650 1.8319005 20.2839355 0.0320751 0.4581050 
Car -1.0000000 -1 9.8294132 144.1340485 193.9354401 391.6797791 271.0765076 1.5273553 1.5455555 4.3201189 -6.6173868 1.8658899 15.4515142 9.4247780 0.4482340 
Car -1.0000000 -1 0.7697200 221.1813507 183.8648224 261.5263672 281.3738403 1.5716704 1.6655273 4.2318654 -6.7018518 1.8741516 13.2796164 0.3023417 0.4330854 
