Car -1.0000000 -1 -1.8754127 426.0011597 190.9651642 551.6636963 267.4773254 1.4291844 1.6119726 4.1421475 -2.7603559 1.8595746 15.9884644 -2.0463741 0.7187715 
Car -1.0000000 -1 -1.6324585 317.3182678 184.5303497 379.3653564 226.2947235 1.4614410 1.7132627 3.7624941 -10.6414442 2.0028160 29.2510490 -1.9813714 0.7804620 
Car -1.0000000 -1 1.3108110 942.3737793 164.9968872 1093.3968506 237.6707458 1.4247997 1.7207350 4.1898060 8.5790339 1.2054015 15.2403984 1.8235149 0.5654511 
Car -1.0000000 -1 -1.7680196 815.8314209 168.3100128 937.0986328 235.9187469 1.5213702 1.5009770 3.7415679 6.2110953 1.3321682 17.2097054 -1.4216617 0.6160928 
Car -1.0000000 -1 -1.9223414 562.6322632 146.4634857 912.1775513 345.5221558 1.9137634 1.9225556 4.3271580 1.2058620 1.6612490 9.3173914 -1.7936362 0.7022550 
Car -1.0000000 -1 2.0839400 110.0934982 188.5263062 160.4426880 222.1131287 1.4046258 1.7432724 4.1809921 -25.1063118 2.2000363 38.0865669 1.5011309 0.3363971 
Car -1.0000000 -1 2.0873529 -104.1371002 202.7909851 74.5020752 316.3474426 1.3480046 1.6896636 3.7078390 -10.0486374 1.7803138 11.1945095 1.3558433 0.5123758 
Car -1.0000000 -1 -1.4767939 304.3574524 183.3955383 351.3916931 219.2377014 1.4839764 1.6031787 3.8675723 -13.1537971 2.1023238 34.0098648 -1.8458383 0.5197855 
Car -1.0000000 -1 2.1891279 -312.3584290 205.0063171 40.8854675 401.8093262 1.4328901 1.5801951 3.9860096 -7.8130364 1.7117125 7.5726714 1.3881084 0.3534089 
Car -1.0000000 -1 3.1908917 489.0016785 171.9039764 594.5311890 214.7578735 1.5615648 1.5446383 3.9523287 -2.6246805 1.4728110 29.4089565 3.1018799 0.2873379 
Car -1.0000000 -1 2.0361130 454.1708069 178.7176819 537.6712646 208.9518890 1.5263393 1.5824194 4.1153927 -3.3903553 1.5553305 32.2912712 1.9315033 0.4705553 
Car -1.0000000 -1 -1.2440278 285.0398560 181.7859802 309.5386047 203.1080170 1.4188546 1.6161051 3.9359345 -22.3243790 2.0566242 51.6507683 -1.6519960 0.3869819 
