Car -1.0000000 -1 3.6930784 -108.9168091 194.4866943 287.0312805 325.3223267 1.5785015 1.6631033 4.2544961 -6.4669800 1.7896945 9.2122812 3.0810144 0.5946912 
Car -1.0000000 -1 -0.7553276 999.9443359 177.1619415 1587.9687500 363.7337646 1.6606413 1.7885087 4.3485274 6.2716751 1.7133695 7.0778637 -0.0302469 0.6985874 
Car -1.0000000 -1 -1.6566664 209.6782074 170.2746277 391.9431763 264.3609924 1.7967871 2.0772433 3.4680467 2.9627237 1.4559555 1.6882418 -0.6038085 0.3508324 
Car -1.0000000 -1 3.5889122 57.5062637 185.5962982 340.6733093 287.2144165 1.5976253 1.7207128 3.8487000 -6.6156826 1.7731398 11.3533678 3.0613055 0.5439531 
Car -1.0000000 -1 3.8867206 -412.9101562 192.4193420 123.4505539 383.4548950 1.5929023 1.5189263 3.7671001 -6.8672299 1.7919952 6.9928942 3.1103888 0.5806812 
Car -1.0000000 -1 -0.7063014 910.9878540 192.1610107 1271.1114502 318.1628723 1.5294052 1.6900432 4.0624862 6.2184167 1.7599024 9.5174093 -0.1275587 0.5709308 
Car -1.0000000 -1 -0.3186046 732.3624878 184.6354218 878.8187256 233.8370667 1.7899270 1.6642287 4.0082083 5.5928688 1.8671710 21.9005203 -0.0685725 0.5841672 
Car -1.0000000 -1 9.1207243 773.7475586 186.3601227 950.3540649 252.6780396 1.6393979 1.6591640 3.9535608 5.5195503 1.7903811 17.5903225 9.4247780 0.5885499 
Car -1.0000000 -1 -0.4918152 829.0399780 189.4461823 1067.4489746 278.0766296 1.5750883 1.6103836 3.9995346 6.0920281 1.8026414 12.6240759 -0.0422068 0.6544450 
Car -1.0000000 -1 -1.6932313 635.2158813 183.5099792 675.6192017 216.1557312 1.6450708 1.6662632 3.9582269 2.0818975 1.9968815 35.0260010 -1.6338625 0.8582730 
