Car -1.0000000 -1 3.7679718 -166.9392395 190.2633362 244.5631866 327.2807312 1.5485170 1.6162612 3.9629760 -7.0705147 1.7725530 9.2282953 3.1141971 0.7182960 
Car -1.0000000 -1 0.4475922 201.5438385 176.2643585 439.8083496 264.9347839 1.6228201 1.9469198 4.2288899 -5.6301532 1.7366952 13.5892534 0.0548115 0.5615077 
Car -1.0000000 -1 -1.6636183 695.9372559 185.6443329 792.7799072 256.1138611 1.4946021 1.6779115 3.8430941 2.9958692 1.7259132 16.4845238 -1.4838421 0.7642579 
Car -1.0000000 -1 0.2773972 343.1913147 175.4983368 438.9731750 239.2064362 1.6936133 1.6703469 4.2453814 -6.0878673 1.8120519 21.3567600 -0.0002936 0.4971090 
Car -1.0000000 -1 -0.3167587 749.9077759 177.5660706 900.4564819 232.1386566 1.5431614 1.7248950 4.2001543 6.3410068 1.7013364 21.8882809 -0.0347792 0.7656973 
Car -1.0000000 -1 0.5154338 121.4533997 182.0467834 372.6346436 283.2550964 1.5984974 1.9874769 4.1022258 -5.8227286 1.7432535 12.1231813 0.0676724 0.6303416 
Car -1.0000000 -1 0.4565447 402.0976868 177.2503815 466.2912598 224.6229858 1.8180138 3.1114028 3.3105607 -5.9577508 1.9719028 20.8908710 0.1787350 0.4182692 
Car -1.0000000 -1 -1.6422276 637.9525757 179.0995636 664.8012085 202.4835358 1.5647460 1.7017590 4.0207438 2.7233496 1.9299276 48.9448967 -1.5866438 0.7708468 
Car -1.0000000 -1 3.4275760 373.8015137 179.3933868 471.0911560 227.1523285 1.6496055 1.9298820 4.2100625 -6.2986436 1.7957864 21.1164169 3.1376963 0.4577835 
Car -1.0000000 -1 3.2292320 431.0776672 175.5658875 482.5350952 218.9746857 1.7444954 3.2929416 2.9108429 -5.6112256 1.7765900 29.2831402 3.0399073 0.2609910 
Car -1.0000000 -1 0.1484966 469.9514160 177.5967407 542.3437500 209.7716064 1.5995797 1.7824204 4.1288929 -5.7198892 1.8385419 41.5989227 0.0118526 0.3477706 
Car -1.0000000 -1 3.8632099 -479.5405273 141.3964233 120.3362579 409.4916687 1.8375039 1.6712284 3.9467788 -6.7995248 1.6895638 6.4605370 3.0522528 0.5857548 
