Car -1.0000000 -1 2.1748499 -224.9754028 198.5046997 297.4119263 445.7554321 1.4931091 1.6846569 4.0918427 -4.6503224 1.7650793 6.6807032 1.5667578 0.8898811 
Car -1.0000000 -1 -1.7510928 740.3684692 179.1403046 834.2526245 247.5375824 1.4389826 1.6357023 3.4725659 4.1236730 1.6016104 17.1052361 -1.5145301 0.8045961 
Car -1.0000000 -1 -1.9016787 784.5490723 159.4180298 1011.0356445 307.9434814 1.7427932 1.7440712 4.1843019 3.9232945 1.4997087 10.6949377 -1.5500841 0.7958017 
Car -1.0000000 -1 -1.7853619 717.7910767 172.9154510 786.8979492 227.8272552 1.6493131 1.7014965 3.8877397 4.5396991 1.6330898 23.3579655 -1.5934017 0.7512157 
Car -1.0000000 -1 1.7257954 507.2118530 176.3596497 556.0525513 213.0238495 1.5442036 1.6523417 4.2585750 -3.5255313 1.7466255 33.2242165 1.6200777 0.8837392 
Car -1.0000000 -1 1.6974437 534.2652588 175.8366852 572.1056519 205.4350739 1.5747502 1.5180709 3.9140420 -3.0994494 1.7439648 40.4653854 1.6209979 0.5891810 
Car -1.0000000 -1 1.7691462 582.0270386 172.9637451 609.7135620 192.8464966 1.4986745 1.6751353 4.3267975 -1.1310363 1.6015887 60.9335518 1.7505865 0.6680974 
Car -1.0000000 -1 1.6760332 638.7596436 169.6174164 656.0086060 185.5150452 1.4994894 1.4734628 4.4493012 3.9063160 1.1935441 74.3236923 1.7285430 0.3709147 
Car -1.0000000 -1 -1.7139296 689.9930420 173.2302551 727.2824707 203.9906006 1.6213950 1.7253991 4.2206526 4.9750490 1.6243941 37.3715477 -1.5815837 0.6070004 
Car -1.0000000 -1 -1.6821468 702.6776733 173.8579254 753.1060791 213.2572021 1.6245118 1.6851536 4.0811749 4.7671366 1.6382624 28.8071194 -1.5181484 0.6738413 
