Car -1.0000000 -1 -1.8544838 733.3801880 180.9206848 962.4662476 323.8680115 1.4988414 1.6413811 4.1098151 2.8379314 1.5466298 9.7488375 -1.5712078 0.8872199 
Car -1.0000000 -1 -1.7086480 678.1550293 172.2200317 741.0586548 222.1127777 1.6602796 1.6726735 3.9366577 3.3379381 1.5987104 24.9500866 -1.5756531 0.8385964 
Car -1.0000000 -1 3.8234813 -278.1867981 198.4563446 261.3990784 372.1477661 1.5769435 1.6349652 4.2394185 -5.7799606 1.7041941 6.9478436 3.1295853 0.7296149 
Car -1.0000000 -1 0.6078752 155.7262726 177.4352264 327.9031982 282.6801453 1.5191833 1.7146772 3.8236046 -6.2024980 1.7159630 12.1268129 0.1350939 0.5642326 
Car -1.0000000 -1 -2.9193917 445.9721069 176.4021912 527.9739990 209.7945862 1.5466962 1.4696223 3.9359498 -5.7132535 1.7586823 34.5002289 -3.0835028 0.4578257 
Car -1.0000000 -1 0.1408986 493.0635376 173.4650421 559.1531982 204.4783630 1.5917668 1.8232530 3.7987995 -5.0391364 1.7141447 37.5291061 0.0074242 0.5127562 
Car -1.0000000 -1 0.0458319 506.2602539 171.0480499 561.4038086 200.5218811 1.5040611 1.8328307 3.8696103 -4.5668879 1.6991906 43.9337273 -0.0577455 0.3993785 
Car -1.0000000 -1 -2.8411699 404.2452698 174.5971527 466.9817810 233.2209778 1.5527130 1.7309942 3.9130063 -5.5660553 1.7974792 22.0593929 -3.0883322 0.6707899 
Car -1.0000000 -1 -2.8477618 418.9434814 173.1527252 487.8511047 220.7757874 1.5419255 1.5148952 3.7979469 -5.5939150 1.7832532 21.3860569 -3.1035984 0.5012560 
Car -1.0000000 -1 -1.6360080 663.8722534 172.7402039 697.2405396 200.4506683 1.5540559 1.7003111 3.6778278 4.1889048 1.5441908 42.9734306 -1.5388384 0.4753362 
