Car -1.0000000 -1 0.5234165 137.6991119 173.4401703 421.1648254 276.8034668 1.6448766 1.9945792 4.0012121 -5.6781778 1.6779858 12.8525639 0.1074081 0.7430357 
Car -1.0000000 -1 3.7290807 -159.9875336 186.2821655 301.1791687 334.5040894 1.5552180 1.6692257 4.0434175 -5.8048711 1.6567100 8.1713247 3.1114120 0.6596323 
Car -1.0000000 -1 -0.5337594 890.3369141 192.3501129 1187.2264404 290.5336304 1.4411105 1.6115628 4.1571913 6.5296054 1.7115772 11.4636908 -0.0160003 0.7427495 
Car -1.0000000 -1 3.4182019 268.8370361 173.8592377 441.2332764 244.9285126 1.6163017 1.6317899 4.0137463 -6.3257756 1.6196148 18.9649963 3.0962563 0.6086749 
Car -1.0000000 -1 3.3906203 333.3432617 179.3558655 470.3181763 230.2292328 1.4005151 1.6467549 3.9679556 -6.7066636 1.7005155 24.2002850 3.1202734 0.4276798 
Car -1.0000000 -1 -0.2889453 726.8593140 182.0950775 859.9494019 228.5800476 1.5312946 1.6758246 4.2712398 5.6188121 1.7957772 23.5411415 -0.0546483 0.7418080 
Car -1.0000000 -1 3.8967672 -510.1801758 193.8725586 139.3572845 405.5646362 1.5009134 1.6864865 3.6399245 -6.1659055 1.6277218 6.5198379 3.1392618 0.5608480 
Car -1.0000000 -1 -0.4613186 842.8297119 182.8763275 1072.8308105 273.6842651 1.5464057 1.5834211 4.1596169 6.5806403 1.7625767 13.4677639 -0.0068150 0.7002902 
Car -1.0000000 -1 -1.6846775 638.0006714 179.6342926 675.0404663 210.0020752 1.5079099 1.7234846 3.6943595 2.3449426 1.8219171 37.4048157 -1.6220685 0.8268626 
Car -1.0000000 -1 0.2968255 408.4612427 176.3725739 518.4577637 217.5482178 1.5350744 1.7891304 3.7929463 -6.9165339 1.7338157 29.5518608 0.0669165 0.3216179 
Car -1.0000000 -1 3.3993072 362.9329224 178.4172668 479.7937317 222.9664612 1.4288487 1.5945823 4.0110297 -6.7832317 1.6878840 25.6054859 3.1403425 0.3894347 
Car -1.0000000 -1 -1.4784470 563.5515137 175.0967712 583.3353271 196.2014313 1.4532505 1.6155920 4.0633764 -2.9820907 1.6723676 57.4789963 -1.5302819 0.4984752 
