Car -1.0000000 -1 1.9656378 -53.1724930 209.5543976 330.6029968 441.8712158 1.5237412 1.6590170 3.9893301 -4.1792812 1.9314129 7.0940580 1.4332536 0.8570590 
Car -1.0000000 -1 1.8170670 266.1443481 202.3191223 398.1780090 295.5321960 1.5257468 1.6501935 3.8825817 -5.1730847 2.0894105 13.8393860 1.4593537 0.8600403 
Car -1.0000000 -1 -1.8247589 669.7704468 194.8582764 831.8325806 299.3547668 1.5514452 1.6823201 3.9342835 2.1289887 1.9198929 12.1906376 -1.6518613 0.7671797 
Car -1.0000000 -1 -1.7255401 610.4354858 182.6686096 711.6837769 261.4262695 1.6994090 1.7377912 3.9104946 1.1183861 1.9311261 17.1984234 -1.6606032 0.7824150 
Car -1.0000000 -1 1.7263063 385.1892090 182.6654663 456.8247986 242.7646332 1.7853063 1.7566516 4.0167012 -6.2998505 2.0488544 24.3483067 1.4731200 0.8346450 
Car -1.0000000 -1 -1.9596798 741.2799072 204.6262512 1133.6033936 421.1875610 1.5307347 1.7017524 4.4324121 2.7128942 1.8211677 7.5081363 -1.6129497 0.8670104 
Car -1.0000000 -1 -1.6196799 567.1463623 187.1070404 615.5791016 225.4829865 1.4516859 1.6584264 3.6371467 -0.6568242 1.9493381 27.7356281 -1.6433570 0.6353909 
Car -1.0000000 -1 1.6993361 449.3506470 187.3641815 480.0136414 212.4889221 1.5713110 1.6230106 4.0159621 -9.3264084 2.4241161 46.0868301 1.4996666 0.7221715 
Car -1.0000000 -1 -1.6023351 588.7663574 185.6056061 657.1212158 240.6288910 1.4846764 1.6618787 3.6960096 0.2271593 1.8297865 21.0688553 -1.5915538 0.3873274 
Car -1.0000000 -1 -2.4548217 964.9799805 180.6803131 2638.2729492 1297.9162598 1.4831467 1.6878676 3.4692869 3.0461676 1.6302526 2.4700384 -1.5653578 0.6923640 
Car -1.0000000 -1 2.0951998 -1596.9191895 219.8907166 104.4182434 1039.1972656 1.4977335 1.6934662 4.0427237 -4.0356274 1.8510200 6.8572049 1.5632615 0.5068161 
