Car -1.0000000 -1 -1.8048066 711.9646606 177.3783722 885.5717163 290.1014404 1.4898978 1.6333233 4.0110421 2.7413161 1.5553635 11.5851974 -1.5724578 0.9062280 
Car -1.0000000 -1 -1.6892290 669.0204468 171.3443756 725.4660645 217.6765594 1.6534207 1.6507156 3.8592818 3.1522083 1.6080831 26.8086796 -1.5721848 0.8461178 
Car -1.0000000 -1 3.6264881 -94.7848282 191.3975677 323.6691895 326.6169739 1.5495448 1.7323706 4.2045531 -5.8375783 1.7395996 8.7821226 3.0398402 0.7255462 
Car -1.0000000 -1 0.5296689 160.3284302 179.5142517 394.5749817 271.7693787 1.5617383 1.9463385 4.0738840 -6.4311199 1.7128570 14.0403576 0.1001446 0.6901461 
Car -1.0000000 -1 -2.8776770 370.2774353 179.2154694 505.3492126 229.6039124 1.5313528 1.6228701 3.9486923 -5.6407714 1.7378740 23.8990936 -3.1094596 0.6628628 
Car -1.0000000 -1 0.0063265 496.2819519 173.6029053 555.2287598 203.5108795 1.5925132 1.8404827 3.5096810 -5.2335210 1.7162423 39.4506149 -0.1255635 0.5124250 
Car -1.0000000 -1 -1.2947145 493.8735657 173.9966278 529.5001831 207.4783478 1.5812495 1.5848383 3.8626351 -5.3925476 1.7773474 38.6894379 -1.4332026 0.4414251 
Car -1.0000000 -1 9.6321469 402.9271851 176.2664642 508.8360901 218.6269073 1.5475891 1.6553152 3.9192886 -6.3466997 1.6894877 30.1658707 9.4247780 0.3446421 
Car -1.0000000 -1 3.8135299 -481.9941406 208.1682587 193.6552887 404.6431580 1.4710190 1.6671208 3.8347819 -5.9625368 1.6664984 6.4091806 3.0642180 0.5787968 
Car -1.0000000 -1 -2.9134321 445.4942627 177.2010040 528.5786743 208.6355286 1.5485909 1.5229462 3.7624652 -5.7189107 1.6843783 37.3477859 -3.0653777 0.4610439 
Car -1.0000000 -1 -2.6768120 253.2459717 177.5410767 409.8350220 247.7296295 1.5323117 1.6600478 3.9527907 -6.4662275 1.6529523 14.1635380 -3.1050916 0.5731579 
