Car -1.0000000 -1 0.3979717 353.8410950 175.3820190 459.9432678 235.0660706 1.5379386 2.3381701 3.5815034 -3.1773424 1.5732894 4.5087361 -0.2159070 0.2671920 
Car -1.0000000 -1 -1.8033344 740.6679077 189.3252869 947.5399780 326.8312988 1.5443002 1.7442873 3.7393436 2.8724422 1.7111326 9.6869965 -1.5150682 0.8743960 
Car -1.0000000 -1 3.4526795 248.2450409 184.2305450 439.1063538 247.3876495 1.6595448 1.5697372 4.2420712 -6.3261113 1.7344879 17.5944443 3.1075209 0.5619785 
Car -1.0000000 -1 -0.4391377 746.0399170 179.0166626 868.5368652 239.1432190 1.5122262 2.0189617 3.9810767 6.0181274 1.6936452 19.0472813 -0.1331062 0.4402174 
Car -1.0000000 -1 3.4082312 313.4717102 181.0768127 451.8856506 235.4366455 1.6985078 1.7489110 4.0242419 -6.3855081 1.6397674 23.1369438 3.1389471 0.5023115 
Car -1.0000000 -1 -1.6358196 637.6029053 180.6412811 669.8643799 207.4346924 1.5723796 1.7039541 4.0332856 2.4832919 1.9133083 42.2226601 -1.5770731 0.8256449 
Car -1.0000000 -1 -0.2716301 707.9620361 176.0137787 816.1969604 220.5994568 1.6493899 1.9700165 3.8765743 5.8394132 1.7731606 28.2739658 -0.0679639 0.6012365 
Car -1.0000000 -1 -0.5118230 812.1098022 176.1440582 1039.7929688 259.3621216 1.5831940 1.6460034 4.4893045 6.2130127 1.6908916 14.6982594 -0.1118987 0.6939992 
Car -1.0000000 -1 0.7203326 -106.9651947 179.1580963 218.2444000 362.2259827 1.6992122 1.8166481 4.5412951 -5.8587642 1.7962343 7.5449867 0.0600793 0.5472990 
Car -1.0000000 -1 0.6191097 32.7754974 177.6391296 359.2284851 303.0228882 1.6340337 1.9106652 4.2995639 -6.0460806 1.6920519 9.2054482 0.0379734 0.5536742 
Car -1.0000000 -1 0.6759961 -10.2772942 179.9366302 342.0555420 315.1563110 1.6735568 2.0146565 4.2878332 -5.8942757 1.7437869 8.3825245 0.0631509 0.4946716 
Car -1.0000000 -1 0.6486710 57.7416191 177.3272095 367.5003662 297.8071289 1.6406358 2.0103614 4.2744055 -6.0933352 1.7223786 9.3680525 0.0719881 0.4693379 
Car -1.0000000 -1 0.6257184 14.5802126 178.2247009 352.6938477 308.8539124 1.6618059 2.0039227 4.4387617 -6.0242090 1.7243050 8.8596449 0.0285687 0.5312902 
Car -1.0000000 -1 3.5625613 179.0196686 175.6101532 368.5828247 268.6283569 1.6594731 2.0782304 3.9605944 -6.4705248 1.8290277 14.0556240 3.1311326 0.5921361 
