Car -1.0000000 -1 -1.8592961 733.4593506 183.1515350 980.4492188 336.5133362 1.4987464 1.7174226 4.0569592 2.7118433 1.6297865 9.1565838 -1.5713630 0.8660317 
Car -1.0000000 -1 -0.3114812 726.4956055 176.2524414 838.3846436 219.1807709 1.5437894 1.6751424 3.6409864 6.2535052 1.5610636 28.1810074 -0.0931146 0.5244182 
Car -1.0000000 -1 9.7170411 317.2990723 171.7468719 470.7505798 225.7892151 1.4744204 1.9866787 4.2540731 -6.2520323 1.4467704 20.7792130 9.4247780 0.5997369 
Car -1.0000000 -1 3.8463921 -218.5829315 159.9348755 180.8904114 321.3457031 1.6630957 1.7299466 3.9045968 -7.4198442 1.6271756 8.5072794 3.1291638 0.5420385 
Car -1.0000000 -1 0.5629446 43.2387962 178.5796661 377.8807373 285.9820862 1.5172325 1.9484128 4.1028838 -5.6463566 1.5090815 10.6636038 0.0759780 0.7258138 
Car -1.0000000 -1 -2.8890526 416.0283203 169.4488525 519.1168823 215.9198914 1.6339512 1.6089228 4.1639304 -5.5916657 1.4945840 28.2807941 -3.0842545 0.6037538 
Car -1.0000000 -1 -0.6746011 834.3621826 181.7902832 1044.7320557 267.7836914 1.5297123 1.6402879 3.9005642 6.3411160 1.6326963 14.1922274 -0.2544098 0.5577246 
Car -1.0000000 -1 -2.8769630 408.6122131 170.5353394 467.7505188 221.5534363 1.6613647 1.8047670 4.1213923 -5.5975342 1.4599490 28.8050652 -3.0688956 0.4605747 
Car -1.0000000 -1 -2.8751171 430.3797913 165.3581390 518.1538086 212.9420624 1.6600752 1.7947589 4.1339045 -5.5695629 1.5092943 28.3657856 -3.0689986 0.6305443 
Car -1.0000000 -1 0.1710552 475.2300415 170.8632355 553.5289917 198.6786652 1.5989441 1.5534559 4.0536966 -6.1259894 1.4159219 41.2645721 0.0236752 0.3884034 
Car -1.0000000 -1 -1.7133801 634.5799561 175.2263031 660.2512817 195.8643341 1.5775632 1.6570359 3.7648981 2.7016208 1.6315012 52.6075974 -1.6620710 0.7067152 
Car -1.0000000 -1 -0.1427852 680.9201660 174.2128143 751.6916504 203.0902710 1.5177211 1.8434386 3.6840184 5.8843708 1.7179935 39.4452820 0.0053008 0.5788573 
Car -1.0000000 -1 2.4958461 527.1977539 170.5573730 564.9959106 192.8845825 1.5403754 1.6061708 4.0589390 -4.6790428 1.3655434 53.6629486 2.4088728 0.2671603 
Car -1.0000000 -1 0.7810649 -475.2889099 167.6517029 120.2416000 397.7521667 1.7319083 1.4656883 4.2634211 -7.4466710 1.6139367 8.1702824 0.0419686 0.4402169 
