Car -1.0000000 -1 9.7013447 328.4654541 181.8746643 482.5978088 235.8659973 1.5250611 1.6278981 4.2197456 -5.9036980 1.7294114 20.7993259 9.4247780 0.6976483 
Car -1.0000000 -1 -1.7600105 719.1887817 181.3078918 812.1833496 252.5505524 1.5506086 1.6771132 3.9025669 3.5332637 1.7506326 17.5116520 -1.5609170 0.8498606 
Car -1.0000000 -1 -1.7360934 700.4748535 178.6010437 770.3823242 232.5123596 1.5688804 1.7022482 3.9447811 3.8520868 1.7459095 22.2585735 -1.5647299 0.8062975 
Car -1.0000000 -1 0.4294835 213.2895050 184.4356995 445.9035645 264.3489685 1.5523945 1.9617757 4.0298576 -5.3548331 1.7043862 14.0218554 0.0646843 0.7274016 
Car -1.0000000 -1 9.6230245 407.9113770 180.2120209 511.8885803 223.0275879 1.5070671 1.6082339 4.1915402 -5.3944869 1.7756389 26.8535881 9.4247780 0.4782235 
Car -1.0000000 -1 -1.6895630 681.2963867 181.2212982 723.0787964 213.3698425 1.4461713 1.7319055 3.9665523 4.4256167 1.8177359 35.3784866 -1.5651160 0.7625306 
Car -1.0000000 -1 -2.4499749 888.1976929 185.1915741 2752.2805176 1144.0573730 1.5448617 1.6628257 3.9110410 2.9925127 1.6963526 2.5366769 -1.5823210 0.7333632 
Car -1.0000000 -1 0.1662505 496.0392456 175.8725128 564.5893555 210.0945282 1.5913482 1.4416989 3.8110209 -4.4261670 1.8410563 35.9927864 0.0438911 0.4140800 
Car -1.0000000 -1 -2.9928768 477.2302856 177.1885071 512.7420044 219.4857330 1.6419206 1.5818255 3.9914155 -4.3402781 1.9017425 38.8791428 -3.1040516 0.3728059 
Car -1.0000000 -1 0.1562006 481.0980530 175.8677216 562.4581909 212.1068420 1.5967914 1.6276653 3.8601995 -4.5144548 1.8582697 35.6835213 0.0303554 0.4283511 
