Car -1.0000000 -1 -2.0741625 856.9858398 192.5232544 1485.6676025 552.3578491 1.4862335 1.6276550 3.6195831 2.8925736 1.6204735 4.8109784 -1.5328286 0.8240926 
Car -1.0000000 -1 2.2580167 -580.6926880 193.9240265 245.5366058 596.8750610 1.5181750 1.5553025 3.8563075 -4.3788176 1.7790090 5.2194109 1.5599736 0.8246038 
Car -1.0000000 -1 -1.8969333 763.6505127 187.5046539 980.8612061 330.8800964 1.5233631 1.7141455 3.8790765 3.1845441 1.7031606 9.2647114 -1.5658566 0.8693426 
Car -1.0000000 -1 1.7423489 430.1010437 180.4759064 503.3255005 231.6907654 1.5181770 1.5802830 3.8153260 -4.6290464 1.7861286 23.4398975 1.5473720 0.8484039 
Car -1.0000000 -1 -1.7364432 680.0331421 177.3716736 779.1107788 251.8376923 1.5403993 1.6381220 3.8783078 2.5677757 1.6713113 16.7799072 -1.5845944 0.8480034 
Car -1.0000000 -1 -1.6569312 666.3231812 178.1210022 732.3090210 230.7763519 1.4813241 1.5901705 3.3799088 2.7800465 1.6657752 23.3296547 -1.5383269 0.6842364 
Car -1.0000000 -1 0.5066999 158.9604340 182.0665131 334.0264587 242.8825836 1.6134535 1.6182721 4.2078209 -9.4681597 1.7675964 18.8207893 0.0406000 0.6899098 
Car -1.0000000 -1 -1.6707070 651.6994019 176.1451721 696.2631836 213.0716858 1.5282580 1.5781077 3.4741812 2.7922757 1.6875415 31.8934383 -1.5833795 0.7238518 
Car -1.0000000 -1 1.7084305 461.3703308 174.0621033 521.9388428 220.4655304 1.7771423 1.6164587 4.2346425 -4.6788425 1.7610729 28.8004436 1.5473802 0.7479787 
Car -1.0000000 -1 1.6830025 490.7716370 174.8006439 537.7849731 212.8601990 1.7282693 1.7147872 4.0898027 -4.6358781 1.7518797 34.6757698 1.5500984 0.7427626 
