Car -1.0000000 -1 -0.2772938 700.1862183 177.6500244 905.6881714 249.8154297 1.5235171 1.7166800 4.0552835 4.2315359 1.6238376 16.0427570 -0.0194013 0.7796159 
Car -1.0000000 -1 -0.8448923 943.2445679 181.6580811 1629.3151855 422.7883301 1.6140960 1.5950356 4.0203829 4.6880083 1.6485437 5.1051526 -0.1020638 0.6334698 
Car -1.0000000 -1 0.6171725 -25.7628517 172.1479645 272.4627380 278.1640930 1.6053381 1.8048568 4.2107778 -7.7821345 1.5338811 11.6326466 0.0275625 0.7196667 
Car -1.0000000 -1 3.7905248 -240.6366425 174.6539917 184.2986755 313.0272217 1.6511141 1.7988700 4.2384224 -7.7873030 1.5849926 8.9464865 3.0742881 0.7424498 
Car -1.0000000 -1 3.5640331 156.0575104 170.5291748 367.3371277 241.7844849 1.6475843 1.6905210 4.1408958 -7.9692459 1.5038192 16.8131542 3.1214101 0.7103282 
Car -1.0000000 -1 3.4656956 286.4966125 162.2371216 380.0761414 227.3200073 1.7751054 2.0089147 3.5366271 -8.5734062 1.3421156 21.6250973 3.0882478 0.5947622 
Car -1.0000000 -1 -0.2011925 692.0651245 179.8799438 848.7734375 237.5347748 1.6316565 1.6633966 4.2690825 3.9780281 1.7255790 18.7789497 0.0075560 0.4678102 
Car -1.0000000 -1 3.4904466 221.1816101 168.5490723 375.1077576 234.1501617 1.7728839 1.7278094 3.7734702 -8.5172043 1.3670242 21.1153297 3.1070419 0.5173383 
Car -1.0000000 -1 -1.5199688 459.1071472 169.5819550 491.3477173 193.5816345 1.6063994 1.8281958 4.0328946 -9.5567827 1.5161110 51.6031075 -1.7030919 0.6414774 
Car -1.0000000 -1 -1.2419713 361.9637451 158.7193909 372.1392212 217.9420013 1.8237649 1.9630604 3.6967609 -8.1217747 1.3698286 21.6316433 -1.6011435 0.5842750 
