Car -1.0000000 -1 2.1018978 59.6635056 205.6692200 308.5533447 337.4305420 1.5564796 1.6081421 3.7509749 -5.9720316 2.0314631 10.5022535 1.5848542 0.8576733 
Car -1.0000000 -1 -1.6730044 698.6229248 174.2624817 788.2822876 242.4126434 1.4358046 1.6361840 3.9593742 3.2195165 1.6031795 18.4358578 -1.5001144 0.8022789 
Car -1.0000000 -1 1.9202537 270.6730347 195.2055206 408.3973083 271.3894043 1.5333861 1.6200244 4.1512094 -5.9646721 1.9855673 16.3609142 1.5706598 0.8718898 
Car -1.0000000 -1 -1.5737600 678.3809814 175.5219421 744.4404907 227.4011993 1.6158371 1.8791920 4.0598254 3.5519466 1.7367601 24.4965992 -1.4297659 0.7554820 
Car -1.0000000 -1 2.3110725 -661.2160645 219.4628296 125.4231339 538.9735107 1.6619604 1.6954329 3.7532477 -5.8537374 1.9783629 5.6392069 1.5070102 0.7617797 
Car -1.0000000 -1 1.8607882 390.3393860 188.6947174 473.3497314 239.8625031 1.6205682 1.7178684 4.1632299 -5.8799119 2.0571866 24.0501842 1.6210067 0.8422146 
Car -1.0000000 -1 8.7893644 1001.8770142 137.2757874 1298.7221680 234.3326721 1.6808906 1.6517234 4.4817433 9.2136335 1.0122139 12.4940948 9.4247780 0.6911331 
Car -1.0000000 -1 1.7968684 441.1103516 185.6061707 496.8370056 226.4625397 1.5936213 1.6171184 4.0865645 -5.9447651 2.1580577 30.7759914 1.6060560 0.7100329 
Car -1.0000000 -1 2.6340489 897.3341675 150.3624725 1070.0144043 214.6567078 1.6352162 1.7399642 4.0672865 8.4127769 1.0967731 20.7697849 3.0189002 0.4579871 
Car -1.0000000 -1 1.7795462 484.2346802 185.1742096 527.8945923 214.5193787 1.6276447 1.6502033 4.0754280 -5.7098870 2.1798038 40.0016823 1.6377628 0.7689985 
Car -1.0000000 -1 -1.5420695 660.4604492 177.5265656 700.5250244 209.7317963 1.4730527 1.5516084 3.6572168 3.5182686 1.7232295 36.2132454 -1.4452193 0.4123711 
Car -1.0000000 -1 1.7752562 518.3351440 179.5440063 548.3665771 201.6992035 1.5437858 1.6767144 4.0791912 -5.6722827 2.0766840 53.9342690 1.6704711 0.6312258 
Car -1.0000000 -1 -1.5345637 593.0117188 174.6708984 613.4920044 193.7709198 1.4755365 1.6109078 3.7918847 -0.5893445 1.6856819 62.5135422 -1.5439909 0.5892406 
Car -1.0000000 -1 2.4538415 968.5570068 138.1836700 1155.4246826 217.5538483 1.5921980 1.6283001 4.0694118 8.8957996 1.0487912 17.8554745 2.9160571 0.4580543 
