Car -1.0000000 -1 0.6244896 -54.2328835 187.5658417 317.1470337 304.5399170 1.5621991 1.8230268 4.1088600 -6.5328102 1.6700704 10.1540222 0.0527881 0.7875378 
Car -1.0000000 -1 -1.7918379 711.9661865 189.1727905 875.9903564 294.4353638 1.4713110 1.6677437 3.7544997 2.7036791 1.7516947 11.7782593 -1.5661986 0.9076309 
Car -1.0000000 -1 3.5269882 184.0923004 171.3295593 417.6069336 263.0379639 1.8550676 1.6798124 4.0255728 -6.3400755 1.7746948 14.9620609 3.1261824 0.6689690 
Car -1.0000000 -1 -2.5401100 353.6845093 183.1643677 465.8036499 234.7313843 1.5546700 2.2658186 4.0073557 3.2273257 2.3140886 -3.1863282 -0.1903076 0.2550050 
Car -1.0000000 -1 -1.6970857 658.1494141 179.1706085 731.2343750 236.9161224 1.6257094 1.7137071 3.8803928 2.5354602 1.7946092 22.4232712 -1.5844913 0.8784086 
Car -1.0000000 -1 -1.6741577 647.7930298 178.4875488 701.2713013 222.7370148 1.5633341 1.6606067 3.7267489 2.6167328 1.8079784 28.4130096 -1.5823205 0.6491115 
Car -1.0000000 -1 0.3771049 315.8157043 180.3713379 456.7682800 244.0793152 1.6023421 1.6806915 4.1282616 -6.3083830 1.7898140 19.4460678 0.0634121 0.5943857 
Car -1.0000000 -1 3.2648343 446.2993164 183.7593689 482.6525879 217.6809082 1.5683411 3.0600162 2.4974809 -6.4640775 2.0147667 33.2270660 3.0726917 0.2936695 
Car -1.0000000 -1 -1.6615431 639.9588013 177.2534180 683.4477539 211.9125061 1.6068351 1.6491193 3.7387106 2.4199803 1.8216472 36.9174690 -1.5960857 0.6966991 
Car -1.0000000 -1 -1.6444831 631.3242188 180.5666351 659.7468872 204.6164856 1.6200557 1.8120223 3.6702044 2.2942939 1.9173756 48.4349098 -1.5971498 0.5009432 
