Car -1.0000000 -1 -1.7918177 713.0787354 188.9869232 854.3695068 282.9022522 1.5103928 1.6649528 4.0969586 2.9950473 1.7487302 13.3158550 -1.5705762 0.8766489 
Car -1.0000000 -1 3.4244153 253.0522766 176.1168976 434.8623352 243.8070984 1.6052775 1.8630700 3.6312973 -6.3477144 1.6713684 17.5265045 3.0769329 0.7126445 
Car -1.0000000 -1 3.8157782 -206.8900299 181.9316559 235.2488708 335.2404480 1.5940264 1.6811541 3.8345017 -6.3336840 1.6954541 7.7897487 3.1331127 0.5524692 
Car -1.0000000 -1 0.4660970 121.6958237 168.5775757 407.7218018 276.4288330 1.6971458 1.8783442 4.0793848 -5.9962525 1.6702408 11.7427902 -0.0060205 0.4757764 
Car -1.0000000 -1 0.5314195 108.5362396 169.3270874 405.6825562 281.3154297 1.6606627 2.0220819 4.0206351 -5.8703847 1.6193311 10.8101139 0.0339312 0.5180528 
Car -1.0000000 -1 -2.7267345 426.5149536 177.9336243 515.9691162 209.3038177 1.5126016 1.8731514 3.9510114 -6.2216568 1.6473405 35.1434746 -2.9019549 0.5026906 
Car -1.0000000 -1 2.7834522 698.5781860 176.7471466 804.3389893 217.3155060 1.6780459 1.7537869 4.5410924 6.0438681 1.7284479 30.1172943 2.9814993 0.5084431 
Car -1.0000000 -1 0.5161578 379.1813660 174.5378876 486.9151306 219.9866028 1.6757174 1.5864453 4.0941920 -6.3650088 1.6738173 25.6323242 0.2727613 0.4669604 
Car -1.0000000 -1 0.4559587 336.7865601 173.2117462 486.8222046 227.9980469 1.5817025 1.7114159 4.0533099 -5.8081098 1.5733478 22.9333210 0.2079135 0.5337269 
Car -1.0000000 -1 -2.7691594 456.8604126 174.5425873 534.1200562 205.6521912 1.5205021 1.7050283 3.9692745 -6.2280149 1.6453191 35.4951172 -2.9428525 0.4353823 
Car -1.0000000 -1 0.5492079 36.1992607 177.8904724 367.5846863 297.9930725 1.7024063 1.9679940 4.0533848 -5.9233370 1.6343535 10.6354952 0.0410518 0.7012400 
Car -1.0000000 -1 0.5495413 29.6386967 181.8826294 360.6299744 298.9020081 1.7331148 1.9882193 4.0078726 -5.9536829 1.6721823 10.7164345 0.0424350 0.7254463 
Car -1.0000000 -1 -1.5359770 795.4310303 187.1455078 924.5727539 240.9759369 1.5318552 1.6900525 3.9842699 6.5923576 1.8028625 21.0680943 -1.2327212 0.5209384 
