Car -1.0000000 -1 -2.1763432 850.0413818 198.3597565 2085.2668457 818.4166870 1.5340425 1.6807413 3.9809313 2.7075534 1.6840729 3.7040374 -1.5451306 0.7845074 
Car -1.0000000 -1 3.4613698 267.4352417 188.1347656 457.3895874 254.5914459 1.6023092 1.7319859 4.3347573 -5.8983464 1.8882965 17.3878555 3.1343287 0.5458186 
Car -1.0000000 -1 3.4935239 196.7171631 187.4713440 409.7256470 263.6851807 1.4847822 1.9537642 4.1352329 -6.2324204 1.7860553 15.1741076 3.1038042 0.6820669 
Car -1.0000000 -1 0.3530458 349.9474792 189.2292480 499.9089355 242.9730988 1.6246727 1.6749932 4.3314438 -5.4838872 1.8973523 21.6925259 0.1054329 0.4243359 
Car -1.0000000 -1 -1.6890916 640.2958374 192.5507202 669.4068604 215.9503021 1.5310062 1.7130493 3.8150253 2.8631661 2.7178564 46.6221199 -1.6277565 0.8332932 
Car -1.0000000 -1 0.2544132 460.8615112 185.5609589 544.2886963 218.2344666 1.6182541 1.7639780 3.9208605 -5.4362588 2.2738502 38.4208183 0.1138537 0.4176757 
Car -1.0000000 -1 3.3237959 404.1931152 181.1365509 486.9823914 237.1424255 1.6200202 2.4974914 3.9281113 -5.5315847 2.0081923 22.0493965 3.0779963 0.4424130 
Car -1.0000000 -1 -0.2794763 756.3411255 195.5571594 908.3629150 246.7654724 1.4818701 1.4155093 4.0211444 6.6638103 2.1885052 20.8002701 0.0305635 0.6598534 
Car -1.0000000 -1 -0.2938941 763.7917480 197.8895874 925.0498657 250.2121887 1.4641911 1.4812381 4.0381489 6.7011056 2.1427867 20.8598995 0.0169363 0.6818671 
Car -1.0000000 -1 -0.1321541 695.2830200 191.7433167 790.5028687 225.7068939 1.4954154 1.8012811 4.1932564 6.0493951 2.4261289 33.0177307 0.0490527 0.5844659 
Car -1.0000000 -1 -3.5371492 857.1635132 197.6330872 1095.8327637 287.4200134 1.6349589 1.8873476 4.1849289 5.9054265 1.9698975 12.5664587 -3.0978410 0.7160715 
