Car -1.0000000 -1 0.5804155 -11.2548170 182.8316803 302.3411255 306.7453918 1.6071621 1.9639188 4.0326815 -6.0004740 1.6958225 9.8193045 0.0318818 0.7131224 
Car -1.0000000 -1 -1.7563668 698.0360718 185.9815521 797.4554443 256.4645691 1.4958470 1.6056846 3.8364272 3.0589836 1.7646046 16.9693489 -1.5780170 0.8638676 
Car -1.0000000 -1 0.3844440 223.7434387 172.5058136 443.7055054 261.7451172 1.6256281 1.8760374 4.0386009 -5.8874454 1.6353478 14.5884190 0.0008640 0.6211072 
Car -1.0000000 -1 3.8667317 -332.4597168 185.7947083 190.0518494 357.5753479 1.6017740 1.6586925 4.0889401 -6.7631664 1.6821371 7.1665173 3.1102817 0.6083308 
Car -1.0000000 -1 3.4195512 323.6381836 176.2964783 464.9920959 233.7474213 1.6860185 1.7485415 3.7794366 -6.1620688 1.7255957 21.0083599 3.1342385 0.5814294 
Car -1.0000000 -1 3.5852807 73.6045761 179.5796509 355.1827393 283.6986389 1.5538745 1.7847944 3.8568206 -6.2719646 1.7182875 11.7918367 3.0964475 0.5122284 
Car -1.0000000 -1 -2.2825425 965.0301514 173.7120819 2131.6083984 838.3771362 1.6989778 1.7624105 4.0879750 3.1158395 1.7029328 3.5466535 -1.5617170 0.8340218 
Car -1.0000000 -1 -2.8600400 450.8211975 178.7005310 529.9417114 207.4018250 1.4994068 1.7049303 3.8572941 -5.8998876 1.6531619 38.5037918 -3.0120862 0.5062717 
Car -1.0000000 -1 0.4638681 403.7087097 175.8811798 515.0425415 217.0608978 1.5814790 1.8083726 4.0285878 -5.9997520 1.6769557 26.7673473 0.2433682 0.4625291 
Car -1.0000000 -1 -2.9269157 476.8412781 175.9873810 544.3189697 203.5804443 1.5689228 1.5205358 3.8598917 -5.8744497 1.6119314 41.6755562 -3.0669498 0.3190040 
Car -1.0000000 -1 -2.9577006 498.0947266 173.1771851 546.6910400 199.0971069 1.6055692 1.7495342 3.9058800 -5.7298946 1.5357450 47.8997993 -3.0767574 0.3554144 
Car -1.0000000 -1 -1.6174531 760.4869995 184.9545593 874.0335693 231.9334869 1.5336426 1.7252721 4.3633437 6.6427708 1.8194791 25.0883465 -1.3586174 0.5369261 
Car -1.0000000 -1 2.9993328 705.5833130 176.6075592 790.0133057 210.0776062 1.5979007 2.7414236 3.9856241 -5.1413908 0.5644369 -26.4402981 0.0497963 0.2741962 
