Car -1.0000000 -1 -2.0724824 839.3528442 193.9101410 1487.2513428 546.7853394 1.5300347 1.7097210 3.9949913 3.0045602 1.6403474 5.0792961 -1.5383135 0.7982154 
Car -1.0000000 -1 3.5681448 -35.7544823 178.3688507 313.3069458 306.5944214 1.6494687 1.6598345 3.8641834 -6.3811755 1.6882032 10.0118256 3.0007041 0.7767406 
Car -1.0000000 -1 2.8479308 732.5574951 173.2763977 885.5621338 228.8264160 1.6597641 1.9191054 4.4242105 6.2351222 1.6576258 22.9134808 3.1136137 0.7320051 
Car -1.0000000 -1 -2.9069549 434.9459229 171.3778839 524.1832275 208.3467712 1.6130222 1.6535828 4.0276098 -5.9087067 1.6096871 32.9743729 -3.0842640 0.5922874 
Car -1.0000000 -1 -2.7591126 397.5122375 177.6839447 498.1128540 216.6308289 1.5268420 1.8500924 3.9599714 -6.5223918 1.6839138 28.4810085 -2.9842391 0.6396721 
Car -1.0000000 -1 -0.5974218 809.7694092 178.5345459 1039.3588867 263.2603455 1.5900177 1.7549963 3.8088341 6.2313848 1.7136421 15.2237673 -0.2089073 0.5173035 
Car -1.0000000 -1 -2.9506720 467.7074890 172.2197876 530.9339600 200.5200043 1.6145762 1.6190604 3.7683392 -6.1106863 1.5042844 44.1700821 -3.0881438 0.2689155 
Car -1.0000000 -1 0.6832744 298.8717041 177.6810913 450.7126160 231.9344177 1.5931330 1.7969258 4.0109277 -6.5674582 1.5839307 19.4316540 0.3573501 0.6837216 
Car -1.0000000 -1 -0.6490365 864.1597900 194.3748779 1145.9680176 291.4319763 1.4045925 1.5229670 4.1345768 6.2275939 1.7016988 13.2969999 -0.2110313 0.4173784 
Car -1.0000000 -1 0.8295654 -712.3106079 180.8256073 127.4225998 461.9856567 1.4814434 1.5436409 4.1669979 -6.1357617 1.5377715 5.1101818 -0.0467767 0.4828689 
