Car -1.0000000 -1 -1.8651772 765.8779297 182.9208374 977.6202393 322.4911194 1.5483470 1.6535406 3.5890577 3.2594585 1.6884848 9.8919163 -1.5468740 0.8861925 
Car -1.0000000 -1 0.7882270 -338.8546143 196.5409851 248.9375763 382.8918762 1.5218989 1.8836237 4.3129330 -5.7129107 1.6763102 6.3437624 0.0551051 0.7004299 
Car -1.0000000 -1 9.6796291 358.5298157 179.1184540 491.8379822 232.7503510 1.5975080 1.7669743 4.0160537 -5.5904870 1.7249027 21.4593010 9.4247780 0.6617259 
Car -1.0000000 -1 3.4936610 130.7376099 182.9272156 390.2201538 267.8822021 1.4602791 1.6775743 4.1282115 -6.3967233 1.6527625 13.3304539 3.0462565 0.7657173 
Car -1.0000000 -1 -2.8222056 290.8534851 180.7496490 448.5781860 243.1378479 1.5079572 1.5447839 4.0416980 -6.1153684 1.6722612 18.9014969 -3.1351154 0.5839587 
Car -1.0000000 -1 -1.7924721 720.4291382 179.1084442 839.4007568 265.7570496 1.6061372 1.7060521 3.8879459 3.3961360 1.7052025 14.8116455 -1.5670798 0.8631526 
Car -1.0000000 -1 -1.6702679 679.4970703 181.5156403 734.3887939 221.6557007 1.4896601 1.6878461 4.2174101 3.6677704 1.7419692 27.8352718 -1.5392556 0.7753245 
Car -1.0000000 -1 0.2055797 427.0490417 173.8790283 531.8944702 219.7957306 1.5568662 1.9475615 3.8771205 -5.3579516 1.7044806 26.3387051 0.0048931 0.5317028 
Car -1.0000000 -1 0.2135610 437.9425964 172.0313263 537.1370239 216.5932312 1.5958338 1.9014676 3.7733221 -5.3401151 1.7121093 26.8279228 0.0170784 0.4835091 
Car -1.0000000 -1 -2.9867980 495.3244019 176.4072571 548.2609253 208.7113495 1.5407023 2.0192280 4.1285853 -4.9154739 1.7993292 39.5586777 -3.1104221 0.4019040 
