Car -1.0000000 -1 -0.2893888 753.6332397 181.7170258 937.2963867 244.6231842 1.5041481 1.7023258 4.4342656 5.6244884 1.6796927 17.6124821 0.0197214 0.7883200 
Car -1.0000000 -1 -0.7116555 996.5382690 184.6136932 1443.6088867 341.5450439 1.5824780 1.5036139 4.0447168 6.4226575 1.6263158 7.8207331 -0.0241000 0.7161070 
Car -1.0000000 -1 0.7252271 -235.6337585 184.8983002 289.9218445 367.7605286 1.6728683 1.7376128 4.1170077 -5.7221804 1.7064147 7.3369241 0.0628534 0.6872584 
Car -1.0000000 -1 3.5919930 91.3149414 172.2018890 368.6133423 282.0503540 1.6149520 1.8091739 4.0055895 -6.3109422 1.7064168 12.5798635 3.1270102 0.6134179 
Car -1.0000000 -1 -1.6735410 637.0108643 180.6472778 679.1589966 215.6016388 1.5345950 1.6943840 3.6561995 2.0792427 1.8295548 32.1079636 -1.6088735 0.8749738 
Car -1.0000000 -1 -2.7428396 197.4954376 184.5939178 411.7079468 256.6739807 1.4200319 1.6115923 4.1457868 -6.4133902 1.6714966 17.0061150 -3.1034698 0.5639809 
Car -1.0000000 -1 0.3569179 368.3135376 178.4953613 490.5896301 224.8981018 1.5617546 2.0112264 4.0975389 -6.3292828 1.7749726 25.3797607 0.1125200 0.7418874 
Car -1.0000000 -1 0.6098218 -20.4040127 182.7289429 286.2802734 325.7190552 1.5669763 1.5425596 4.0147734 -5.8459806 1.7399815 9.2438517 0.0459057 0.6015500 
Car -1.0000000 -1 -2.7704607 241.0004272 186.1831207 430.3499451 246.9019012 1.4188346 1.6473473 4.0678525 -6.5062451 1.7128912 17.2009716 -3.1320765 0.5898003 
Car -1.0000000 -1 -0.8829997 1162.0834961 173.9664612 1957.1458740 426.6166992 1.4528314 1.4412698 3.7027080 6.1182880 1.4569538 5.1717324 -0.0139571 0.5007255 
Car -1.0000000 -1 3.3687737 295.2335205 183.8844757 433.5517883 235.6361847 1.5006663 1.7891732 4.1968703 -6.4902844 1.7636753 25.0004959 3.1147745 0.5972735 
Car -1.0000000 -1 1.7257140 551.4553223 175.8082886 578.6644897 197.0636139 1.4957709 1.6110548 4.0787783 -3.5228837 1.6035088 50.6667252 1.6562952 0.5715238 
