Car -1.0000000 -1 -2.8309733 368.6791992 178.8387299 490.2686157 218.4120789 1.5226641 1.5719382 4.0247388 -6.9774652 1.7663879 28.9816227 -3.0672319 0.5285887 
Car -1.0000000 -1 -2.6631049 165.8612366 180.9191284 389.0810547 259.0655212 1.6255465 1.7345476 3.8971543 -7.0011225 1.7483361 15.0760136 -3.0978594 0.5104566 
Car -1.0000000 -1 -1.9020804 754.1851196 176.5415497 879.0005493 228.7799225 1.4842843 1.9103309 3.8766878 6.1624932 1.6067593 22.0717335 -1.6298109 0.7532578 
Car -1.0000000 -1 -2.6365212 92.2871017 178.1649475 339.6064758 271.7594910 1.6414002 1.7687432 3.6768003 -7.0352893 1.7620411 13.0983429 -3.1294165 0.7001291 
Car -1.0000000 -1 -1.6530388 625.6747437 177.8537598 669.3757935 210.6463928 1.5139171 1.7146738 3.4732964 1.7532475 1.7233634 34.5653954 -1.6023597 0.8249150 
Car -1.0000000 -1 3.9933146 -591.8258057 188.1294861 105.0032425 418.4304199 1.6298668 1.7273259 4.2173328 -7.0117483 1.8243611 6.1221027 3.1402829 0.5784056 
Car -1.0000000 -1 0.4217899 465.4309692 174.3298798 518.2384033 204.0062714 1.6214211 1.3570721 4.0016689 -7.6181574 1.8370816 39.8822441 0.2330473 0.2997480 
Car -1.0000000 -1 9.6252937 411.4259949 178.5476074 494.1958008 209.8793793 1.5020998 1.7416011 4.0233011 -7.7343655 1.8408148 38.0540237 9.4247780 0.3959239 
Car -1.0000000 -1 -2.9030687 451.0552979 178.5966949 494.2918701 206.7080078 1.5877959 1.4629252 4.0328884 -7.7279134 1.7671013 44.7555580 -3.0740521 0.3860744 
Car -1.0000000 -1 -1.6524920 613.8768921 175.7601471 645.6073608 203.7103577 1.6642667 1.7545488 4.0169020 1.1166567 1.7896553 42.7840576 -1.6263981 0.6604223 
