Car -1.0000000 -1 -0.9147816 1034.8420410 187.6507263 1538.0561523 371.2523499 1.4425880 1.3901083 3.9204884 6.1228738 1.5898452 6.9422727 -0.1920178 0.5856524 
Car -1.0000000 -1 3.7497971 -163.5077820 186.1271820 251.8567047 324.7680664 1.6318952 1.6979183 4.1118479 -6.7861423 1.7513633 8.9078732 3.0987778 0.6021593 
Car -1.0000000 -1 3.5997778 87.6329193 165.9810791 365.8943176 275.7675171 1.7706479 1.8057584 4.3021817 -6.7883544 1.6817365 13.2645741 3.1267620 0.6075027 
Car -1.0000000 -1 -0.6452626 893.5336304 189.5428925 1232.8795166 314.6317444 1.5127926 1.6348522 4.1714392 6.1252952 1.6986406 9.6560831 -0.0799710 0.6450025 
Car -1.0000000 -1 9.0635380 800.8156738 184.4251862 1009.6901245 261.8663635 1.6556095 1.7691154 4.0335488 5.6930542 1.7715961 15.0682011 9.4247780 0.6335960 
Car -1.0000000 -1 3.8875787 -473.0251465 187.7978058 158.2989349 385.9412231 1.6055429 1.5408257 4.2600775 -6.6980696 1.7526450 6.6002278 3.0948232 0.5178514 
Car -1.0000000 -1 -1.6892763 632.9725342 179.0783386 677.6757202 214.4888306 1.6307862 1.7111744 3.8985806 1.9383887 1.7560434 32.5731506 -1.6298376 0.8871913 
Car -1.0000000 -1 -0.3974332 742.8980103 179.8530731 929.0562134 245.3544159 1.6844559 1.6367406 4.0581999 5.4005904 1.6519297 17.9675293 -0.1054490 0.5626315 
Car -1.0000000 -1 2.2392382 280.3143616 165.0148926 316.4198608 255.9747467 1.6540186 1.7775308 4.0743914 -6.9230442 1.6179593 17.3310032 1.8591974 0.3555903 
Car -1.0000000 -1 -0.4379596 874.3395386 190.3390350 1144.3364258 282.0651855 1.5510023 1.6097344 4.3941784 6.0076261 1.7078867 13.2643833 -0.0126850 0.4550903 
