Car -1.0000000 -1 2.2024312 -619.6726074 198.3788147 319.9812012 698.6112671 1.5222422 1.6029607 3.9246128 -3.2680998 1.8213104 4.3850465 1.5619559 0.8436478 
Car -1.0000000 -1 -1.9777681 819.3309937 192.5050201 1135.2608643 374.5617981 1.5541866 1.5765078 3.8557065 3.5849524 1.7002759 7.9927416 -1.5561407 0.8416837 
Car -1.0000000 -1 1.8339688 281.7656860 195.5316925 458.7557678 322.9674988 1.5399468 1.5477613 3.8458681 -3.3137436 1.8833039 10.7156010 1.5340523 0.8335623 
Car -1.0000000 -1 -1.8100149 726.5771484 173.4349060 868.7452393 278.7744141 1.7437789 1.6633695 3.5310543 3.1758001 1.7032952 13.1617985 -1.5732512 0.8295224 
Car -1.0000000 -1 1.7247488 457.0145874 170.1405945 543.1755981 240.4271240 1.8071884 1.7079859 4.1449938 -3.1458793 1.7233402 21.4387798 1.5790508 0.8493860 
Car -1.0000000 -1 -2.4074317 976.2846680 202.7351532 2538.2404785 1000.8103027 1.5730648 1.7458327 4.1877284 3.7143815 1.7045219 3.3643675 -1.5726280 0.7171516 
Car -1.0000000 -1 -1.6814670 669.8453369 178.6580048 729.3269043 223.7211151 1.5646722 1.6674132 3.5981796 3.0876250 1.6919662 25.1017532 -1.5590774 0.7509718 
Car -1.0000000 -1 1.6997154 537.2703247 176.7862091 571.9393311 203.7436066 1.5882585 1.6927929 4.2088361 -3.2279205 1.7673455 43.2504349 1.6252203 0.8072720 
Car -1.0000000 -1 -1.7168943 654.1460571 176.8583221 694.5164185 208.6750336 1.6651428 1.6155897 3.7762742 3.0238185 1.7318195 37.6438408 -1.6367394 0.5503475 
Car -1.0000000 -1 -1.6797433 696.3634033 179.9663391 774.7280273 244.3739929 1.5389158 1.6148508 3.2585409 3.0904884 1.6598428 20.6812286 -1.5314065 0.5312521 
