Car -1.0000000 -1 -1.6873021 664.6750488 178.8495941 755.0281372 247.7393494 1.6238478 1.6840724 3.8701217 2.5364754 1.7514720 19.4050865 -1.5573272 0.8524777 
Car -1.0000000 -1 -1.8770302 745.2390747 193.0518646 997.2033691 350.0192261 1.5450745 1.6781366 3.7938056 2.7489028 1.7389207 8.7708082 -1.5733119 0.9010458 
Car -1.0000000 -1 9.9122824 55.5545349 165.3234558 376.0491638 291.6160583 1.8851771 1.8179628 3.9694085 -6.3147640 1.7858645 11.9104500 9.4247780 0.7357488 
Car -1.0000000 -1 3.4108592 299.2198181 184.8848267 456.7370605 242.1307220 1.4918261 1.7128785 4.0248203 -6.3284864 1.8232847 19.5931492 3.0984419 0.6843117 
Car -1.0000000 -1 0.7781931 -389.5393066 193.2875366 203.1215363 376.8507385 1.5232688 1.7395555 4.1968222 -6.4135308 1.7089688 7.0161424 0.0376365 0.7002230 
Car -1.0000000 -1 -1.6771585 652.3895264 179.6611481 713.3266602 229.1129761 1.4743819 1.5889850 3.5035975 2.6175983 1.8079576 25.1421852 -1.5734204 0.6893294 
Car -1.0000000 -1 3.2910476 441.4873657 177.6898041 517.3623657 216.4677582 1.6458901 1.6363471 3.8506126 -5.9680653 1.9952469 36.5923843 3.1293753 0.4261100 
Car -1.0000000 -1 -1.6553658 642.5676270 177.7237244 688.9429321 216.7121887 1.5834273 1.6104368 3.6926217 2.4246452 1.8201313 33.8688354 -1.5838984 0.6176646 
Car -1.0000000 -1 0.4445623 279.1793518 180.1519623 404.0839844 259.7098083 1.5454786 1.9088130 3.9024584 -6.2165146 1.7847731 18.1298866 0.1142377 0.4798635 
Car -1.0000000 -1 3.4269652 274.9875488 184.9766388 430.7937622 255.5504456 1.4687654 1.6459315 4.0436974 -6.3355718 1.8270839 19.6463470 3.1150134 0.5935236 
Car -1.0000000 -1 -1.5960252 634.1402588 179.6547394 666.4451904 207.0234528 1.6198355 1.6366386 3.5837171 2.3900328 1.8827260 38.4923019 -1.5340136 0.5176724 
Car -1.0000000 -1 3.3440873 422.0644836 184.5867157 483.1479797 223.1676483 1.4885392 1.6513190 3.5157807 -7.6214299 1.8918848 29.0035896 3.0871213 0.3605481 
