Car -1.0000000 -1 -1.7077778 655.1536255 174.7437134 748.7402954 242.0067139 1.4347608 1.6564739 3.9518578 2.1830504 1.5562069 18.3375893 -1.5892876 0.8984605 
Car -1.0000000 -1 -1.1238885 1072.5472412 144.9888611 1706.0081787 400.2300720 1.6257364 1.3152094 4.1322403 5.7669401 1.5019095 5.5286880 -0.3174011 0.6288765 
Car -1.0000000 -1 -1.6561823 631.6959229 170.4606018 675.8778076 207.3164368 1.6509115 1.7229611 3.8233004 1.9609734 1.6019173 32.9288940 -1.5967008 0.7632513 
Car -1.0000000 -1 3.5311174 184.3434753 183.0627747 409.3162537 258.6340027 1.4893340 1.9307362 4.2422295 -6.4519711 1.6561762 15.0583200 3.1263151 0.6650272 
Car -1.0000000 -1 -2.8959313 418.3069153 176.2163086 501.7339478 210.6156616 1.5549318 1.6843040 3.6032455 -6.8686666 1.6097728 32.4115448 -3.1047621 0.4692083 
Car -1.0000000 -1 3.4578690 266.6766968 182.0536041 428.6196289 242.5798950 1.3846446 1.8209947 4.0346889 -6.9279232 1.5754386 18.9145031 3.1067688 0.5474599 
Car -1.0000000 -1 3.5335732 82.6276703 186.8643036 352.6330872 277.0414429 1.4134115 2.0854399 4.2605066 -6.4981251 1.6289209 13.3909273 3.0817843 0.4068418 
Car -1.0000000 -1 -2.9068499 395.1913452 174.6628113 496.2421570 214.5824127 1.5248384 1.7778256 3.6230574 -6.8181081 1.6128529 32.0706711 -3.1163275 0.5018485 
Car -1.0000000 -1 -2.8595055 370.6145020 172.0731659 481.2214661 217.1983185 1.6015640 1.6448110 3.6060784 -6.7423902 1.6061518 27.1925144 -3.1025541 0.5426259 
Car -1.0000000 -1 -2.8815940 332.0110168 174.3050537 441.7843323 228.0998077 1.4918697 1.6823707 3.6288424 -6.5477872 1.5025464 26.6673717 -3.1223664 0.5013660 
Car -1.0000000 -1 9.5764887 474.2672424 171.8856812 523.5442505 200.4255066 1.6763692 1.5637196 3.6385674 -6.8165998 1.6135623 44.5862999 9.4247780 0.5531671 
