Car -1.0000000 -1 0.5693165 111.3400040 165.8155823 210.9394989 302.6747131 1.6477748 1.7755100 3.9164584 -6.1860328 1.6926506 10.7230015 0.0460602 0.4393692 
Car -1.0000000 -1 -1.8866313 777.8172607 190.4056091 1060.4294434 374.2707520 1.5953851 1.7135954 3.7737155 2.8592410 1.6506717 7.7265854 -1.5322053 0.8629994 
Car -1.0000000 -1 0.4065907 347.9793091 167.1877594 434.5403442 234.8254089 1.7744062 3.6024716 2.2726040 -6.2890306 1.6813600 19.4031391 0.0931510 0.2630977 
Car -1.0000000 -1 0.5729591 293.1191101 176.2669678 410.1602478 239.7739105 1.7085087 2.7720215 3.3588953 -4.4598913 1.6567713 5.4243956 -0.1151675 0.2984272 
Car -1.0000000 -1 0.7816505 -212.5577240 169.1381531 264.1956177 342.5509949 1.6011773 1.8904165 4.3142552 -6.0861502 1.5835724 7.4898438 0.0992815 0.6042983 
Car -1.0000000 -1 3.5272385 182.0934296 179.0868378 412.6580505 254.3435974 1.5119313 1.7028083 4.1581931 -6.5268674 1.5657409 14.8961496 3.1142759 0.6108932 
Car -1.0000000 -1 -0.5664479 841.6634521 176.3966980 1116.7487793 272.0303650 1.6035135 1.6731652 4.4841375 6.3324766 1.6371663 12.7228270 -0.1046215 0.6435595 
Car -1.0000000 -1 -1.6402669 636.3278198 175.9972992 671.1821289 204.1907043 1.5758665 1.6951584 4.0238733 2.3425870 1.6432853 40.4563370 -1.5824274 0.8154727 
Car -1.0000000 -1 -3.0888868 787.3026123 175.7386017 856.0050659 233.8618317 1.7320728 1.0444354 3.8083484 7.3698573 1.6927645 27.0273266 -2.8226771 0.2153927 
Car -1.0000000 -1 -0.2856160 712.0196533 174.0854492 830.3657837 219.4784698 1.6936858 1.8605410 3.9673460 5.7053423 1.6487019 26.7489834 -0.0754730 0.5464972 
