Car -1.0000000 -1 -1.8202486 727.3175659 185.6879730 908.8057251 301.3079529 1.5117818 1.7197971 4.0751886 3.0070572 1.6881915 11.4076538 -1.5625114 0.8834684 
Car -1.0000000 -1 3.4632221 197.9622955 173.2459412 412.8394165 252.6399841 1.6275028 1.7243098 3.7948294 -6.4101114 1.6249673 15.8089476 3.0780060 0.7456139 
Car -1.0000000 -1 0.5406771 45.9816856 166.7207336 363.1542664 291.9859619 1.7139014 1.9341491 4.0425577 -6.0629115 1.6586496 10.1451807 0.0020132 0.5302546 
Car -1.0000000 -1 0.6986286 -101.4786758 179.2653961 291.0245056 322.7194519 1.6988237 1.7769082 4.1465111 -6.0214148 1.6787184 8.6812363 0.0922023 0.6935111 
Car -1.0000000 -1 2.8038152 701.4664307 171.4389343 824.1395874 216.1785889 1.6616280 1.8382062 4.3894167 6.0043459 1.5209627 28.2216949 3.0134459 0.5583824 
Car -1.0000000 -1 3.9153100 -458.7305603 187.1491547 131.1205139 384.2790222 1.5142450 1.6548717 3.8482146 -6.4290490 1.5502636 6.1403637 3.1069486 0.6158324 
Car -1.0000000 -1 -2.7729059 424.7799988 174.0281982 511.1959839 206.6541443 1.4924768 1.8070465 3.8386731 -6.3190536 1.4868903 33.4768333 -2.9594698 0.5847333 
Car -1.0000000 -1 0.4921638 318.9728699 168.8672791 459.3715210 232.2653503 1.5602567 1.8619932 3.9458721 -5.9345646 1.5057070 21.8249302 0.2266663 0.4559473 
Car -1.0000000 -1 -2.8797310 451.3753967 170.1547394 530.1971436 202.4467316 1.4970455 1.7255405 3.8024693 -6.3422456 1.4648786 33.8174324 -3.0651212 0.5257044 
Car -1.0000000 -1 -2.9740146 487.4333496 168.4111176 534.3946533 196.6363220 1.6040115 1.7539963 3.8610137 -6.2012420 1.3753190 44.2099075 -3.1133735 0.2895353 
Car -1.0000000 -1 -2.9560042 465.2019348 168.2191772 533.0586548 197.7556610 1.6091747 1.7468134 3.9045413 -6.1562643 1.4611183 41.1577377 -3.1044807 0.3040725 
Car -1.0000000 -1 -1.5628618 816.5187378 181.6177368 941.8436890 246.0150757 1.5356612 1.6832165 3.8396468 6.4651604 1.6925329 17.9229240 -1.2166688 0.4997230 
