Car -1.0000000 -1 -1.7977610 512.3576660 186.6122742 649.4064331 270.0739746 1.4682786 1.7196381 4.0589528 -0.7058731 1.7162330 14.7351408 -1.8456285 0.8035779 
Car -1.0000000 -1 2.0633969 -227.7582092 206.2651978 107.0091553 406.7858887 1.5841783 1.6776302 4.1315675 -7.0602365 1.9796605 7.6888447 1.3205931 0.7695391 
Car -1.0000000 -1 -1.6328786 411.3907471 180.1601562 469.5362244 221.9035339 1.4602553 1.7980187 3.6929929 -6.8313689 1.7796357 28.5007610 -1.8681312 0.8168085 
Car -1.0000000 -1 1.9058453 -15.1185141 202.1132812 161.9883881 310.2169189 1.3619783 1.6837445 3.9867563 -8.9356165 1.9472015 12.2954798 1.2773975 0.7381290 
Car -1.0000000 -1 -1.5142442 399.8143311 179.1244812 442.9661255 213.7147064 1.4828120 1.6980048 3.9626305 -8.9163761 1.8822765 33.6931038 -1.7729489 0.6800491 
Car -1.0000000 -1 1.9560174 222.4231873 183.4900360 268.8489990 216.2519226 1.4185209 1.5935796 3.9621429 -20.2575626 2.0032508 41.0370789 1.4974704 0.3563366 
Car -1.0000000 -1 3.0971453 578.2791748 164.4423676 683.9118042 207.4000854 1.6039807 1.5339175 3.9914358 0.8080363 1.2683774 29.7342377 3.1243139 0.4237787 
Car -1.0000000 -1 -2.1032200 1110.0468750 147.0603485 1328.3023682 244.3836823 1.5983154 1.7532552 3.7877619 10.3803711 1.0794820 12.7415018 -1.4195858 0.6501268 
Car -1.0000000 -1 -2.0501411 655.9821777 137.8290558 1132.1666260 394.0148621 1.9093561 1.8285074 4.5262980 2.1954584 1.5940481 7.4786325 -1.7645992 0.7197818 
Car -1.0000000 -1 -1.4011738 384.0062561 176.1876678 409.7617493 197.8603363 1.4697355 1.5946665 3.8083994 -16.0342503 1.8355033 53.8630676 -1.6905057 0.4749415 
