Car -1.0000000 -1 1.9525989 211.6722565 198.5650024 382.1030579 288.0515747 1.5378470 1.6320108 4.1753864 -5.9485784 1.9845991 14.1586704 1.5548546 0.8552475 
Car -1.0000000 -1 -1.7010809 708.1432495 175.1875610 818.7659912 252.1678619 1.4718618 1.6714784 4.0510378 3.2620645 1.6237618 15.9937572 -1.4998819 0.8056890 
Car -1.0000000 -1 2.1936772 -136.8317719 209.4714050 242.6531372 391.4023132 1.5925806 1.5938759 3.7255039 -5.9450393 1.9756474 8.2192221 1.5674782 0.8478367 
Car -1.0000000 -1 1.8718918 365.5538940 189.5621796 461.0053711 246.6125031 1.6124012 1.6685653 4.1853981 -5.7705789 2.0510340 21.5531006 1.6102897 0.8635033 
Car -1.0000000 -1 -1.6824549 687.3814087 176.3014526 756.5952759 232.9927368 1.5733500 1.9264853 4.0969992 3.4720728 1.7363369 21.8232288 -1.5246774 0.7989950 
Car -1.0000000 -1 1.7780980 428.1170044 187.9593811 490.0157471 230.3869324 1.5991803 1.5952893 4.1269932 -5.7958941 2.0640242 28.0330200 1.5742183 0.7723169 
Car -1.0000000 -1 8.7067274 1094.0144043 139.2314148 1411.9769287 246.9098206 1.6067886 1.7673526 4.3022060 9.1438417 0.9870495 10.4665556 9.4247780 0.5337412 
Car -1.0000000 -1 2.3663701 1027.7127686 133.6142120 1267.5162354 228.7675781 1.6996167 1.7205787 3.9942257 9.0653315 1.0414810 14.6060724 2.9218388 0.4055830 
Car -1.0000000 -1 1.7804872 478.8040466 185.3119965 525.1601562 216.0216217 1.5611162 1.6109750 4.0549235 -5.6528234 2.1681726 37.5578499 1.6310987 0.7777234 
Car -1.0000000 -1 -1.5884747 667.0689697 178.0130615 710.9361572 214.7149811 1.4436247 1.6850570 3.8134122 3.6005113 1.7228211 32.4509773 -1.4779743 0.5734231 
Car -1.0000000 -1 8.9955386 939.7930908 149.4906158 1136.6179199 223.7091064 1.5846695 1.6723211 4.0906024 8.5979242 1.0481006 18.7850380 9.4247780 0.4307390 
Car -1.0000000 -1 -1.4987115 586.7049561 174.5934753 612.4303589 194.4752197 1.4751534 1.6316912 3.8120208 -0.7854958 1.6979758 61.8766441 -1.5114053 0.5693228 
Car -1.0000000 -1 8.9904157 866.7066040 157.4674835 1024.9150391 215.4219208 1.6076484 1.6426510 4.0603123 8.8093348 1.0780582 18.9892616 9.4247780 0.4246104 
Car -1.0000000 -1 1.7692394 515.4522705 180.8573151 546.9496460 203.6600647 1.5146660 1.7464119 4.0543060 -5.4830484 2.1132452 51.7238045 1.6636275 0.6468334 
