Car -1.0000000 -1 -1.8881827 774.8003540 181.2733612 1031.4332275 339.3508911 1.5952274 1.7595626 4.1238599 3.2667427 1.7023236 9.0677280 -1.5423967 0.8418996 
Car -1.0000000 -1 1.9280621 256.4716492 192.8164978 405.9728394 277.4163208 1.5366240 1.6097516 4.0191875 -5.7523799 1.9162565 15.2808104 1.5680255 0.8714231 
Car -1.0000000 -1 1.4459502 699.2954712 184.1514587 785.9755249 242.7768860 1.5022895 1.6625217 4.0457506 3.4732361 1.7781440 19.4304867 1.6228340 0.8316567 
Car -1.0000000 -1 2.1786696 -39.0793610 201.0011597 306.5704346 359.9515686 1.4972358 1.6485796 4.0777707 -5.6949968 1.8672601 9.3351412 1.6308858 0.8397781 
Car -1.0000000 -1 -1.6807239 681.9653931 180.1929779 739.4340820 229.4205933 1.4876177 1.7874765 4.0330315 3.5031087 1.8585660 25.9314079 -1.5464455 0.7909247 
Car -1.0000000 -1 -2.2952157 889.9278564 186.7729340 2293.8935547 848.9193726 1.5935862 1.7089599 3.7727332 3.2052526 1.6147121 3.5285249 -1.5577883 0.7954199 
Car -1.0000000 -1 1.9175338 400.8432617 185.0483551 485.1915588 235.1207886 1.5397836 1.6622176 4.0863385 -5.5822654 1.9748594 24.3957767 1.6925855 0.8518821 
Car -1.0000000 -1 -1.6378850 660.3030396 179.4588470 701.4701538 214.1761932 1.5420040 1.8769757 4.0053177 3.3395739 1.8534629 33.5066643 -1.5385442 0.8111939 
Car -1.0000000 -1 1.7466541 486.1822510 178.8632812 528.1961060 210.5608521 1.5700055 1.8280497 4.2654896 -5.7377982 2.0067456 40.6632538 1.6064743 0.7256719 
Car -1.0000000 -1 1.8758674 545.5254517 175.6730347 570.5997314 197.8697510 1.6165677 1.8470592 4.2808733 -3.9097641 1.7713881 55.3037643 1.8052887 0.4881003 
