Car -1.0000000 -1 -0.7435437 970.6350098 190.0926666 1443.6821289 352.5236206 1.4431490 1.5647975 4.1229010 6.0738673 1.6524849 7.7148194 -0.0765955 0.6881540 
Car -1.0000000 -1 3.6295862 14.9634905 164.8304138 331.1463928 292.7101440 1.8258759 1.7705314 4.4261742 -6.9495020 1.7647644 11.4224129 3.0830064 0.6149078 
Car -1.0000000 -1 3.9063313 -387.3460999 191.8218689 166.4366302 376.2231140 1.6159835 1.7272412 4.0412517 -6.6597714 1.7330174 6.8022003 3.1315129 0.6289823 
Car -1.0000000 -1 0.5132967 128.7190399 168.3642426 387.4426575 267.5325317 1.8655717 2.0328724 4.2583923 -6.8184505 1.7191108 13.6214581 0.0491957 0.5547978 
Car -1.0000000 -1 2.5862754 816.8708496 186.4511261 1072.2763672 277.3742981 1.6424290 1.7842224 4.2252412 5.7710690 1.8009816 12.7094908 3.0125134 0.6831607 
Car -1.0000000 -1 -0.4742413 757.9591675 183.5366211 966.8392944 256.6137390 1.6507084 1.7145814 3.9206553 5.3683877 1.7258167 15.9199238 -0.1490041 0.5699374 
Car -1.0000000 -1 -1.7036368 633.1618042 180.5047913 680.6669922 218.9978485 1.6477551 1.7001446 3.9462075 1.8159872 1.7889631 30.6010742 -1.6443624 0.8783614 
Car -1.0000000 -1 -0.4895373 907.5693359 191.1725464 1221.8963623 299.0101318 1.5888447 1.5772778 4.6194148 6.0928674 1.7298337 12.0716324 -0.0221160 0.5083173 
Car -1.0000000 -1 -1.0672324 1176.3175049 189.0047913 2022.8660889 467.9344482 1.4241215 1.6069471 3.9157646 6.2092643 1.4736911 4.7474756 -0.1492029 0.4600970 
Car -1.0000000 -1 0.2006751 387.0253906 179.7041321 487.1419678 215.3884888 1.5578772 1.9649173 4.3771935 -6.9134407 1.8020662 29.1581306 -0.0321276 0.3651907 
