Car -1.0000000 -1 0.5519912 53.7897758 162.5690918 166.8309937 315.9176331 1.6721654 1.8920203 3.9978032 -6.5264349 1.6510066 10.7998867 0.0084116 0.4374658 
Car -1.0000000 -1 -1.9332417 790.3427124 185.5795441 1154.6964111 429.8323059 1.6209257 1.7071735 3.8327951 2.8795221 1.6379863 6.7563543 -1.5303596 0.8566097 
Car -1.0000000 -1 -0.9163586 315.1894531 162.6655884 444.4896545 234.5506287 1.5150537 2.3369756 3.6394000 1.5335011 1.5109349 2.4738655 -0.3614492 0.2907869 
Car -1.0000000 -1 3.4539875 261.7471313 174.5362396 411.1785278 236.7026062 1.6109567 1.8065387 4.0806518 -6.6124630 1.3797734 19.5024643 3.1270938 0.3098178 
Car -1.0000000 -1 -0.5574751 850.7790527 174.1099701 1164.0817871 281.6913757 1.5928442 1.6862249 4.4725952 6.2001114 1.6290412 11.7166786 -0.0707650 0.5917396 
Car -1.0000000 -1 3.5491136 155.2852936 177.2058258 401.7535095 256.6884155 1.5482081 1.6425055 4.2609410 -6.5325165 1.5115464 14.0096273 3.1127977 0.6259388 
Car -1.0000000 -1 -1.6545393 637.2334595 174.6235504 671.8906860 203.3690948 1.6089866 1.7009399 3.9155152 2.3061409 1.5973214 39.9925117 -1.5969387 0.8189038 
Car -1.0000000 -1 -0.4160505 777.0233765 177.7087708 937.3483887 238.6744385 1.5019345 1.7287589 3.8563724 6.0730004 1.6567700 17.3991795 -0.0802316 0.5622838 
Car -1.0000000 -1 -0.2504710 715.3007202 173.3986511 838.7592163 220.3676758 1.7027140 1.7636654 4.0295277 5.6656556 1.5820544 25.4420185 -0.0313573 0.5824258 
Car -1.0000000 -1 0.8275787 -316.8414917 165.5529022 213.0859985 363.0991821 1.6786329 1.8384295 4.5427995 -6.3880887 1.5954124 6.8439140 0.0766156 0.6298058 
Car -1.0000000 -1 -0.4735182 818.8571777 181.9783325 1036.1445312 258.5433044 1.4786692 1.7946457 4.0482454 6.2033134 1.6198810 16.6530323 -0.1169380 0.3916427 
