Car -1.0000000 -1 -0.6879520 927.9419556 192.1773834 1318.4892578 334.3749084 1.4365529 1.4877195 4.1426687 6.1080484 1.6765122 8.6723843 -0.0743392 0.6351998 
Car -1.0000000 -1 -2.4354274 -256.9308472 188.5670166 211.8753815 346.4959106 1.5976671 1.7776610 3.9167461 -6.6097255 1.7009555 7.9057946 -3.1317732 0.6599036 
Car -1.0000000 -1 3.5917292 54.8573036 164.0802917 352.5594788 285.1760864 1.8121278 1.7768768 4.4673367 -6.8781939 1.7643594 12.2843647 3.0813060 0.6460810 
Car -1.0000000 -1 -0.9897745 1107.5786133 182.0148315 1765.3857422 395.9881592 1.4513476 1.2760292 3.9637213 5.9271665 1.6111885 5.6999149 -0.1848339 0.5672516 
Car -1.0000000 -1 2.6701640 806.3065796 186.0813751 1043.2327881 269.8301697 1.6513793 1.7640920 4.1385102 5.7254114 1.7810028 13.7960100 3.0635383 0.6614242 
Car -1.0000000 -1 -0.4755691 750.3098755 182.9018250 944.9740601 250.7900848 1.6598957 1.8024247 3.8458467 5.3547020 1.7047626 16.8669643 -0.1681657 0.5486181 
Car -1.0000000 -1 0.4634297 168.6007690 170.5744324 385.0251770 262.5674744 1.8042530 1.8440124 4.1886301 -6.8371873 1.6762501 14.8495674 0.0319361 0.6178119 
Car -1.0000000 -1 -1.7032918 633.3034668 180.2156372 679.5253906 217.3793640 1.6270791 1.6978472 3.9026055 1.8575675 1.7944409 31.4521370 -1.6443002 0.8791096 
Car -1.0000000 -1 -0.4404469 889.6748047 191.3170471 1184.2630615 289.7395020 1.5686289 1.6322824 4.6819825 5.9594450 1.7198217 12.8319445 -0.0056641 0.4833260 
Car -1.0000000 -1 0.2467285 396.2389221 179.9572754 492.1040649 214.4265594 1.5730485 2.0531714 4.1341648 -7.6113567 1.7708265 32.4858551 0.0165824 0.2889623 
Car -1.0000000 -1 -2.4342962 -595.4077759 194.2789764 86.1683731 415.8194275 1.5713876 1.7846889 4.0501609 -6.5884204 1.7066821 7.8868990 -3.1302309 0.5483557 
