Car -1.0000000 -1 -1.9725252 786.9077759 180.8551331 1102.3164062 358.0584717 1.5224319 1.6905910 3.8643332 3.2682598 1.6257569 7.9470181 -1.5823531 0.8295324 
Car -1.0000000 -1 2.0308164 202.4267426 195.6990509 390.5344238 291.4820557 1.5486119 1.7233043 4.2230053 -5.7983751 1.9610250 13.6868553 1.6300936 0.8483462 
Car -1.0000000 -1 -1.8147330 728.4308472 180.0774536 862.8760986 276.2594910 1.5257589 1.7017230 3.9607089 3.3223159 1.6816924 13.4942617 -1.5733320 0.8620498 
Car -1.0000000 -1 2.3269706 -498.5895386 213.8908234 179.5255280 480.3317261 1.4355044 1.7366897 4.3058453 -5.9566088 1.8441747 6.4734287 1.5831268 0.8198714 
Car -1.0000000 -1 1.9182901 344.9544373 189.4870605 448.2090454 252.7249146 1.5616043 1.6188142 3.9541168 -5.7503815 2.0299981 19.6321983 1.6333545 0.8471063 
Car -1.0000000 -1 -1.7020915 683.5371704 180.9691925 746.2730103 230.8477783 1.4642237 1.6699398 3.7447963 3.4357722 1.7971463 24.0954208 -1.5604560 0.8006132 
Car -1.0000000 -1 1.8603792 438.6767578 185.2023468 504.4846191 226.5702362 1.5400132 1.6499002 3.9222569 -5.6118641 2.0443413 29.1472645 1.6701719 0.8258161 
Car -1.0000000 -1 1.7537391 499.9959106 180.2371216 536.3773804 208.1939697 1.6045473 1.7663494 4.1453304 -5.7375269 2.1387181 45.1023293 1.6272074 0.7043950 
Car -1.0000000 -1 -1.6840309 668.2387695 181.3159790 718.9978027 219.6690216 1.5559672 1.6192664 3.8967941 3.4429536 1.8342642 30.7411289 -1.5724974 0.6850809 
Car -1.0000000 -1 -3.8653028 1062.0434570 150.2552795 1421.5989990 268.5500488 1.6363688 1.7934843 4.2610145 8.8351908 1.2140585 9.8275013 -3.1330254 0.5671062 
Car -1.0000000 -1 1.8113081 562.0034180 175.8080597 592.7339478 196.8345184 1.5615597 1.8790723 4.5987606 -2.3027406 1.7967190 56.4988480 1.7705734 0.5211961 
Car -1.0000000 -1 -1.6684843 654.1246948 179.4144745 690.8937988 209.0835266 1.5905825 1.8194671 3.8235037 3.2921164 1.8872555 37.7941017 -1.5815970 0.7826928 
